baseMean	log2FoldChange	lfcSE	stat	pvalue	padj
Luzp2	29.9182715920161	-2.50430950015385	0.108122071799116	-23.1618711932075	1.10378829768681e-118	1.25820828053319e-114
Cntn6	8.90812863580563	-1.97356821923521	0.127000191942027	-15.5398837517986	1.8632109583407e-54	1.06193708570628e-50
Adgrl3	27.2225624507914	4.48107943051972	0.321599749478801	13.9337155510287	3.95247011123372e-44	1.5018068932651e-40
Grin2b	6.97820168928022	-2.34279775114592	0.175274206044167	-13.3664719071987	9.49382377964082e-41	2.70550243160314e-37
Frmpd4	19.8949718828557	1.99479028815354	0.152946293490625	13.0424232103134	7.01901975040035e-39	1.60019612269627e-35
Grid1	8.48859018947379	5.53961931916351	0.428438470435148	12.9297896931084	3.05653774583811e-38	5.80691229413478e-35
Cadm1	10.212021455159	-3.66437054801146	0.284962429849264	-12.8591356760602	7.64264551048066e-38	1.2445502310567e-34
Grid2	178.250974584135	2.02426063460422	0.162635487796872	12.4466108967096	1.45910480358641e-35	2.07904195701019e-32
Cdh22	4.81349483882892	-7.2340254942765	0.590691625783359	-12.2467039966631	1.7496324692618e-34	2.21600672412392e-31
Nxph1	24.7771237504167	-5.99869016325311	0.512906385815701	-11.6954873816069	1.34413296814359e-31	1.53217717038688e-28
Galnt18	3.3588618166277	4.74112651952895	0.418139252226489	11.3386305980211	8.44556574549468e-30	8.75190944844489e-27
Socs2	1.88724219589336	2.37197990118211	0.215822989864649	10.9903949651966	4.25061901495933e-28	4.03773384596012e-25
Pcdh9	105.959269418989	-2.07631006979816	0.190837022651995	-10.8800171001644	1.43536036365626e-27	1.2585902142552e-24
Ptprk	10.9784473662194	5.61907295192744	0.524534738116967	10.7124896476817	8.89373173249246e-27	7.24140342990583e-24
Kcnc1	2.75612475017625	-2.57531170895118	0.244169937322044	-10.5472104272793	5.23276631465852e-26	3.97655354805283e-23
Dpp6	35.6709585325544	-2.26877317132201	0.216367616607202	-10.4857335256448	1.0046303356768e-25	7.15736324773741e-23
Grm8	9.31054759807166	5.69905582571701	0.545831422797748	10.4410548526239	1.61011492365894e-25	1.0796294126346e-22
Mgat5	7.54261875105322	1.88568667644976	0.188387711446046	10.0096055203145	1.38302901426261e-23	8.75841540754415e-21
Tspan9	3.8358236472935	-2.60378246357758	0.265632872040422	-9.8021846602681	1.10176507268364e-22	6.61001055974777e-20
Ptprt	9.27557521126525	-3.63636271281846	0.37147588878562	-9.7889602598596	1.25580567694427e-22	7.15746445574387e-20
Adarb2	24.2263516358212	4.1263913755779	0.422294307434195	9.77136395858451	1.49426644035887e-22	8.11102054935751e-20
Grin3a	5.50394006818853	-2.94354498406731	0.302256450453708	-9.73856795991894	2.06442974175165e-22	1.06965611937396e-19
Ptchd4	5.65193576253998	-1.85171037089925	0.19226748137937	-9.63090772092432	5.92041471966725e-22	2.93420901693422e-19
Sorcs3	6.8896377289146	7.48803595481261	0.777958648821547	9.62523646488859	6.25628603041693e-22	2.97147518586344e-19
Gm11417	2.55711305313102	7.37916181294872	0.776205736652192	9.50670867852041	1.96790355230119e-21	8.97285303707251e-19
Kcnd3	6.56108205660144	-1.31896227224557	0.139528345857399	-9.45300586873992	3.29237481197914e-21	1.44345309545193e-18
Cacna2d2	2.78608648432805	-2.11076277457364	0.226362253915425	-9.32471177532221	1.11285644580242e-20	4.69831504655622e-18
Afap1l2	2.84961018911433	-3.94700992444468	0.428205997434105	-9.21754937599181	3.03967618805521e-20	1.23747388813005e-17
Etl4	14.5932057587416	3.3083369904139	0.364259541859312	9.08236191570153	1.06243826157073e-19	4.17611508401545e-17
Asic2	17.9394977353448	5.33713987859624	0.598268374048033	8.92097946358726	4.62182311828069e-19	1.75613872417605e-16
Fam135b	4.68028524744257	-5.0747114050838	0.579082535043016	-8.76336462937332	1.89507440636578e-18	6.96837198650436e-16
Lmo4	2.26750134766239	-4.52430821468296	0.524454470676702	-8.62669396038373	6.3150861698234e-18	2.24955210155678e-15
Megf11	10.6326945179838	7.47890984211796	0.874034868856577	8.55676370429243	1.16080122973215e-17	4.00968885385356e-15
Il1rapl1	26.4346032092261	2.76722145332676	0.323576556894478	8.55198374037085	1.20990825219345e-17	4.05639534316267e-15
Arhgef26	2.00749469319245	6.20066682762757	0.743018540810914	8.34523835819804	7.10703965252167e-17	2.31466128568841e-14
Clmp	4.31589062068553	3.03358238709645	0.364662262247647	8.31888215796868	8.87967794405401e-17	2.81165135789644e-14
Gldc	1.29418409954722	3.98061032332172	0.483318691088497	8.23599500022824	1.7807137201535e-16	5.48604208000805e-14
Prkcg	1.54555897800233	3.28003269052447	0.405468699084287	8.08948433734124	5.99178583695583e-16	1.79737807251209e-13
Whrn	1.84494694438991	2.33389677563488	0.294154734976796	7.93424853697828	2.11773632104056e-15	6.18976315988239e-13
Zfpm2	16.7415662354609	-1.37631820720182	0.17679099056741	-7.78500195504606	6.97121294289868e-15	1.98662140840255e-12
Nrcam	8.68762069588769	-1.92541937642772	0.25542066513942	-7.53822865262973	4.76398022803738e-14	1.3245026980341e-11
Spock1	7.67226188856596	1.8236823587952	0.243571183952348	7.48726647053611	7.03228356643493e-14	1.90859524699504e-11
Nos1ap	4.06195640969734	1.33405592349903	0.179464737415939	7.43352673459822	1.05739808462014e-13	2.8030885503686e-11
Dach1	6.5016637916737	4.83305657876047	0.651141777120151	7.42243355991679	1.14987676255536e-13	2.97896482190194e-11
Pla2g3	2.9989463607318	-2.26182255992895	0.305528775103819	-7.40297721273678	1.33164607921554e-13	3.37320747932844e-11
Bcl6	3.21957639670083	-2.35011966064415	0.318797519166082	-7.37182543575511	1.68307313840546e-13	4.17072841406169e-11
Pvt1	3.36138134494385	-2.38269719225165	0.324376195967791	-7.34547485872927	2.05029867592492e-13	4.97262863975919e-11
Gabrd	1.05896524361646	-3.8428131962095	0.524328954055374	-7.32901199998134	2.31855627735067e-13	5.50608812615007e-11
Ephb2	2.42541553011541	2.8609883356698	0.396253249331548	7.22010063134142	5.19491170868484e-13	1.20850609321017e-10
Man2a1	3.20053912157225	4.06252862651017	0.563740507798568	7.2063805426623	5.7458684391023e-13	1.30994308674654e-10
Ryr2	10.683028223928	-1.69449089495981	0.236172253419728	-7.17480936233583	7.24080114744391e-13	1.61839004470026e-10
Nrg3	27.5895975413992	-1.84303780967566	0.257218507741925	-7.1652612631002	7.76383450424527e-13	1.70192210603638e-10
Slc8a1	17.6584488287059	2.45821545805556	0.345849940882129	7.10775156354113	1.17948622892841e-12	2.53678557048206e-10
Dlg2	30.3727537900556	-1.30813238264398	0.184527603308068	-7.08908780687979	1.34998855541497e-12	2.84972584132875e-10
Rmst	4.68673268631703	-1.64138550629026	0.232224843536793	-7.06808746769682	1.57083531367814e-12	3.25562758920312e-10
Myrip	1.43463480150025	2.92728837570845	0.419147229290697	6.98391441275221	2.87066985982043e-12	5.84335102358806e-10
Shisa9	4.2577124855677	-5.47699085946639	0.794253723575538	-6.8957698237917	5.35738809929407e-12	1.07138363059391e-09
Mtcl1	5.84503704207203	-1.48578326024619	0.2157562178048	-6.88639834051233	5.72226182641744e-12	1.12462176826435e-09
Cacng2	4.44745896754598	-0.834497022678471	0.121981711543187	-6.8411650576244	7.85516842651983e-12	1.51764516769321e-09
Grm3	9.31265232023421	2.91503096027665	0.42746825426214	6.81929226606157	9.14901033177295e-12	1.73815947953133e-09
Tbc1d4	8.58753551611617	1.43686997380937	0.210871949090508	6.8139455247917	9.49576745576431e-12	1.74584279400415e-09
Ppp2r2b	11.3139324037685	-3.25766580337481	0.477941705241653	-6.81603167844013	9.35896674584847e-12	1.74584279400415e-09
Prkg1	23.7727363791321	-2.53731350119266	0.373338072408616	-6.79628917785698	1.07348202204247e-11	1.94232088400987e-09
Chst9	1.54154661230754	6.7380519511531	0.994056665355	6.77833788151986	1.21566283363495e-11	2.16520947509451e-09
Acvr1c	0.751918590461944	-4.48984980870566	0.67668710474784	-6.63504561739617	3.24402193118746e-11	5.68901630670859e-09
Dcc	9.87673293701495	4.57986606265291	0.692928168086642	6.60943842894875	3.85780626653944e-11	6.6628990351944e-09
Mgat4c	12.7987540735504	1.87368319594908	0.283596747479497	6.60685713994142	3.92564523831965e-11	6.67887015994115e-09
Gabbr2	5.68829480960804	-1.00059115265745	0.151637964239861	-6.59855305808982	4.15189893595479e-11	6.95992587808069e-09
Pex5l	10.717153947314	-3.02037751401479	0.465441991331356	-6.48926734215635	8.62547924579413e-11	1.42495417279431e-08
Nrp1	2.54066056089506	-5.43643401578507	0.840876237570631	-6.46520114718835	1.01164149812731e-10	1.64738591959331e-08
Iqsec1	4.95622009996938	1.60401129732117	0.249352009721576	6.43271854561023	1.25341620658837e-10	2.01235089280293e-08
Pld5	6.51698231671959	-0.914150495461145	0.142162301913456	-6.43032986352213	1.27327325768282e-10	2.01583914782313e-08
Sez6	0.966331129498504	4.72740571681837	0.737308622419064	6.41170545559068	1.43900658139548e-10	2.24701863305851e-08
Zbtb20	42.7815169392071	-1.01591565178271	0.158609801541915	-6.40512529431697	1.50245944395471e-10	2.31439664887024e-08
Dgkz	4.86537329865309	1.73498701915282	0.271755923969857	6.38435767584318	1.72118373534496e-10	2.61596978655962e-08
Khdrbs3	2.85316013541051	-3.39856508302031	0.53527575642782	-6.34918552205828	2.16457867282177e-10	3.24658319624939e-08
Polb	5.22061917001254	-0.840706932438897	0.13252269075544	-6.34387158641652	2.24061613804745e-10	3.31698485163674e-08
Ptk2	9.27822217582767	-0.96943468598094	0.153270513424316	-6.32499144370414	2.53246615024827e-10	3.70097200598461e-08
Cttnbp2	7.9613144196392	1.46818695346299	0.236465111134171	6.20889460783895	5.33585912785075e-10	7.69917192384439e-08
Gprin3	1.16094974209138	-4.47870865508047	0.722420198294563	-6.19958947113255	5.6610628345446e-10	8.06630690637174e-08
Sash1	4.39509931519936	-4.42212037173835	0.722374998030714	-6.12164095351252	9.26165363058587e-10	1.30337765104998e-07
Sorbs2	7.62302030353147	1.14051409227069	0.186856989012973	6.10367371482962	1.03657790685841e-09	1.44096970247305e-07
Gnal	2.50412796254843	1.58521555121706	0.262599535919856	6.03662739031215	1.57368526665554e-09	2.16125763308512e-07
Lrp1b	55.7254616842066	1.74227538107065	0.290638185749088	5.99465406302386	2.03919063347086e-09	2.76723024177789e-07
Plch1	0.869347166531336	1.75174418940505	0.292459373416074	5.98970095895298	2.10227222355673e-09	2.78648849724688e-07
Tmod1	2.7236807166543	-2.68747881117287	0.448585590289292	-5.9910056616837	2.08547378751039e-09	2.78648849724688e-07
Shank1	3.10045592975017	-1.02003346737538	0.170635986763329	-5.97783320343882	2.26125082175459e-09	2.96275840427363e-07
Lhfp	7.94813937745851	-1.17167969115151	0.196796793407532	-5.95375397568175	2.62060661322471e-09	3.39457895274414e-07
Mast4	16.8179854398198	-1.99934653435665	0.336247237841501	-5.94606084258479	2.74672087728498e-09	3.51796306518781e-07
Map3k5	3.05512019047046	-1.72859500687433	0.2910724104552	-5.93871127865065	2.87271265440352e-09	3.63845017194953e-07
Megf10	2.59490289345544	2.18050084819007	0.368048017593166	5.92450099975911	3.13247105120677e-09	3.92385027612153e-07
Tmeff2	15.3447405048441	1.98031762283371	0.335263139116868	5.90675619171899	3.48909525318267e-09	4.32306486859013e-07
Zfp804a	4.02983591839764	2.47377161795285	0.419887814477571	5.89150609438558	3.82691543597098e-09	4.6906461349068e-07
March11	4.48869830322799	1.31153248485093	0.222793290256135	5.88676832835996	3.93820140217371e-09	4.77569763652959e-07
Zfp521	8.91928206367578	-0.701953407496724	0.120682426114398	-5.81653377461375	6.0080407906399e-09	7.20901652342149e-07
Hecw1	4.33533438463226	1.01682737692524	0.175177746061426	5.80454652367024	6.45404388196491e-09	7.66350481359562e-07
Hs6st3	4.61774170372317	4.04945659589921	0.706672241530537	5.73031790116553	1.00242588958564e-08	1.17800543457594e-06
Baiap2	2.1473389205756	1.76233029029907	0.307827048382233	5.72506639543501	1.03393296409202e-08	1.20263284262091e-06
Tmem117	4.86981402161158	1.12367124965002	0.197496621533087	5.68957200851037	1.2735817553647e-08	1.46642004337396e-06
Mb21d2	1.69095688328624	1.58892988077007	0.27989486569001	5.6768811276797	1.37172724836141e-08	1.56363189040717e-06
Cdyl	3.33713598098125	-1.55210587328309	0.274159488365772	-5.66132466373855	1.50208932361563e-08	1.69527883167273e-06
Chd9	18.9413054205891	-0.928783306736467	0.164321308524468	-5.65223898882332	1.58371180124418e-08	1.7698755708218e-06
Spon1	5.99167488024877	-1.7785399720255	0.315033438626559	-5.64555934055555	1.64645067801828e-08	1.82212536686703e-06
Tmem63c	1.59557127382936	-1.4596350663286	0.259012630321962	-5.63538181328928	1.74670902231739e-08	1.91449386013423e-06
Mkx	1.39939618238527	3.95162490059841	0.701542073974555	5.63276964731518	1.77338259309521e-08	1.92521792178022e-06
Kcnip4	65.2727819816033	2.96909493377087	0.531630093572099	5.58488875944004	2.33849848929444e-08	2.51476832825163e-06
Slc22a4	1.29077308394404	-4.43610971882622	0.795257490575328	-5.57820551381027	2.43012448541323e-08	2.5888774774977e-06
Ptpre	2.67491008810759	1.98823904166496	0.356660887645668	5.57459231032987	2.48110217708909e-08	2.61871145524431e-06
Elavl4	2.59073317297188	1.33206366831815	0.239052388292973	5.57226672291441	2.51446060783942e-08	2.62957215309739e-06
Cdh7	3.13549502333061	-1.03983999372715	0.186982527167348	-5.5611612992935	2.67985363947201e-08	2.7770592396674e-06
Shank2	6.61693062821423	1.12794618321884	0.203145923634684	5.55239388040695	2.81783780583042e-08	2.89374172510459e-06
Sgcd	20.6339075229914	2.29738525274265	0.415991971495654	5.52266728726193	3.33891640012943e-08	3.39824178973887e-06
Galnt7	2.94007525879495	2.21023422320501	0.400464854417752	5.51917152984258	3.40601605574927e-08	3.43585637340584e-06
Erbb4	17.1446357964927	-2.17703414867693	0.395637278046047	-5.50260116900197	3.74228349912551e-08	3.74195522864313e-06
Syt14	2.70004255862083	-1.18407381742409	0.21537970980337	-5.49761079400228	3.84971440417051e-08	3.81590386896867e-06
Magi3	3.54998982103696	-1.48567361565556	0.270948895302917	-5.48322448037516	4.17642511545451e-08	4.10405774922982e-06
Osbpl3	1.17177548286177	-1.4275637944739	0.26136525710299	-5.46194934360145	4.70934475329935e-08	4.58093855702506e-06
Arhgap10	2.74184842284177	-0.923871897471017	0.169185014224189	-5.46071944792215	4.74208921597471e-08	4.58093855702506e-06
Plpp4	1.82322137039044	3.5509342822312	0.650719373002438	5.45693647608351	4.8441955852191e-08	4.64025088032878e-06
Fam19a1	2.43825117734813	-4.20881258792248	0.773281957857319	-5.44279165594997	5.2451982060913e-08	4.98250119593623e-06
Dlgap4	4.5511353715155	-1.12857568259799	0.208366149135005	-5.41631012178835	6.08415368293788e-08	5.6846940845745e-06
Lingo2	21.9080554049809	2.88034700341256	0.531671107038883	5.41753532452519	6.04262137622006e-08	5.6846940845745e-06
Stard5	2.10447898100516	-1.01341579476219	0.188120908335925	-5.38704497935203	7.16255141956036e-08	6.63787997004622e-06
Ptprn2	7.79015071322308	-0.682578137624582	0.126918956145315	-5.37806296518124	7.52914870749707e-08	6.92135210619025e-06
Galnt9	0.984534705882093	-1.54047926542342	0.289837604916783	-5.3149737621718	1.06672696298355e-07	9.72769652083954e-06
Nkain1	2.31623516813	-1.40360295871058	0.264919954057238	-5.29821531830449	1.16940020438146e-07	1.0579359468051e-05
Magi2	70.6882367227435	-0.837838275119552	0.158229905229205	-5.29506905730553	1.18971442141897e-07	1.0594964601371e-05
Ahi1	5.63658252656499	-0.824659806542058	0.155715657836324	-5.2959337423143	1.18409770282673e-07	1.0594964601371e-05
Serinc2	0.993390799126557	-3.68222713893978	0.698945252162752	-5.26826261076362	1.37720992119241e-07	1.21696247222265e-05
Foxo3	3.45894022566369	-1.20875042650523	0.232210806036737	-5.20540127798357	1.93577838305926e-07	1.69694750164485e-05
Phyhip	0.502948123098216	3.47987498123583	0.668689070016311	5.2040255139073	1.95017214418348e-07	1.69694750164485e-05
Malt1	1.39534515776414	3.18244166500308	0.613904107693117	5.1839393565256	2.17247597838912e-07	1.87606467254981e-05
D030068K23Rik	1.65353723566841	-2.12881900494995	0.41086445803035	-5.18131700939851	2.20324671207371e-07	1.88833152412994e-05
Odf2	3.94941896636796	-0.934029607350956	0.180941486273852	-5.16205336092642	2.44255636751844e-07	2.07107627120315e-05
Plekhg1	4.17475937257439	-3.92931046535963	0.761306949156105	-5.16126966884408	2.45280547953702e-07	2.07107627120315e-05
Neo1	4.34229358132015	1.10734219496382	0.215066286751268	5.1488413720766	2.62100418462213e-07	2.18980181486754e-05
Trim9	6.51254583059392	-0.837399679220804	0.162662910508736	-5.1480677223947	2.63183479811258e-07	2.18980181486754e-05
Itga8	0.657694503456055	-2.06112455216236	0.401509716111479	-5.13343630167616	2.84499346244347e-07	2.35000583176762e-05
X4930578G10Rik	7.25647188476887	-1.63241272141717	0.319117332273962	-5.11539974900436	3.13077195653188e-07	2.5674582397487e-05
A930011G23Rik	4.43117696347896	-1.2300210070193	0.240664420655686	-5.11093830848833	3.20562659604772e-07	2.61006696916771e-05
Lrrc16a	4.84915618605065	-1.37139967221674	0.270485135960443	-5.07014800405632	3.97506457246754e-07	3.21360007528777e-05
Slc25a23	2.60980747901663	-1.11383189622894	0.219785792068927	-5.0678066391099	4.02425890701156e-07	3.2304596676778e-05
Lima1	3.52986799636171	2.74079846647709	0.541622976104743	5.0603437952142	4.18501192643291e-07	3.33601055590271e-05
Agap1	8.59257963379926	-0.914568435249551	0.181041406750475	-5.0517086210564	4.37875326926557e-07	3.4662089247471e-05
Cotl1	2.19411265630447	1.58028252913256	0.31324408790557	5.04489179571987	4.53778091821527e-07	3.56732170253351e-05
Kank2	1.99444140727183	-2.69533454832491	0.537817873889844	-5.01161207014285	5.39759331143148e-07	4.21418946280873e-05
Slc35f3	1.45743263182714	-1.10073784463398	0.221156703775875	-4.97718507212647	6.45156296793224e-07	5.00281403207208e-05
Sorcs2	1.13876960154197	-3.71868288870217	0.747462545756397	-4.97507588816913	6.52220833616935e-07	5.02342248810773e-05
Cdh4	3.88434661238583	2.8256517630228	0.568150139832689	4.97342439069874	6.5780436875391e-07	5.03242416068847e-05
Lrrn2	2.08781736915932	1.39989832952872	0.28280691408369	4.95001451454773	7.42079471015247e-07	5.63930926006853e-05
Sgsm1	0.776712728025579	-2.96873670854948	0.606271083431097	-4.89671500040605	9.74520153786833e-07	7.35665909471266e-05
Csmd2	6.81665150920962	2.65257743907271	0.541942185726637	4.89457641227196	9.85176930511478e-07	7.38817883611864e-05
Ntn4	0.991817921629641	2.90636508902099	0.596136682075264	4.87533342001936	1.08624827108523e-06	8.09290460268009e-05
Sdk2	1.5494215833105	3.40962473498016	0.709608890413724	4.80493519887024	1.54801634123197e-06	0.000114583365413658
Gm2163	10.8170840606523	-0.993580020716358	0.207179076000557	-4.7957546673955	1.62063529607991e-06	0.000119184656387193
Inpp5j	0.767037868739653	-1.89031638885386	0.394351801374047	-4.79347725119397	1.63915054047375e-06	0.000119773570582438
Plcxd3	6.01341518320763	-0.997597756544489	0.208205391888881	-4.79141172807333	1.65611880045165e-06	0.000120242663734703
Zmiz1	5.92182475283742	-1.36635445200515	0.285650196131518	-4.78331354401052	1.72428838155346e-06	0.000124399767476759
Mical3	6.64427588734999	-0.911890710703232	0.191668666304226	-4.75764102858542	1.95868410652426e-06	0.000140421636039434
Aff3	3.16457142340376	1.39153151928232	0.294215456629631	4.7296343136521	2.24924609536665e-06	0.000160244726506778
Atp2b1	9.38962982699879	-0.60356634896523	0.127846972602157	-4.72100618951261	2.34680796518345e-06	0.000165275387664019
Ephb1	4.64200221186633	-1.68015691980114	0.355902958164057	-4.72082875755883	2.34885628577692e-06	0.000165275387664019
Tle2	0.564590070621557	-3.874756684139	0.822077890106862	-4.71336929355358	2.43654037225651e-06	0.00017039339695308
Efna5	5.63169160694704	2.1744666266053	0.461473100108398	4.71201165592215	2.45283346455265e-06	0.000170486882088023
Galnt13	11.6776166338185	1.05714469549384	0.225315260019051	4.69184686116892	2.70749762766546e-06	0.000185920273841919
Cdh10	5.71734817170824	2.43123446067505	0.518142089073351	4.69221572990351	2.70261918494502e-06	0.000185920273841919
Cit	4.49995794859617	-0.939396833659564	0.200794714864853	-4.67839422114191	2.89130260782445e-06	0.000197353044470604
Dpf3	5.89826864540763	0.915379646566789	0.195775235169595	4.67566618307888	2.93000891702651e-06	0.000198804593126102
Plekho1	2.12821395974882	-1.2360885882238	0.265194912703297	-4.661056939681	3.14589669281807e-06	0.000212189801191912
Gabra2	2.94294674090798	3.56104624077287	0.765147136542819	4.65406726458237	3.25450555792314e-06	0.000218224169733917
Plxna4	6.91537150276689	0.882710993721657	0.190186392038451	4.64129417599548	3.4623379006014e-06	0.000230802279116698
Dlgap3	1.25004122504141	-1.08323124751061	0.233629670133785	-4.63653116870947	3.54304789889256e-06	0.000234809319764397
Siah3	0.417310682759144	-4.80666075520733	1.04248225637943	-4.61078423713513	4.01152731771848e-06	0.000264320230605046
Tenm2	14.2641266787023	1.76994684793147	0.387611341347665	4.56629272450501	4.96425425094391e-06	0.000321520080718805
Shisa6	6.28481698679372	0.669778672218799	0.146649888151844	4.56719524753607	4.94293557502299e-06	0.000321520080718805
Tbc1d16	2.13148131769792	-1.61289417632507	0.353112986466704	-4.5676433270379	4.93238399835808e-06	0.000321520080718805
Apba2	6.83734275211066	0.701323351508832	0.154219512772814	4.54756560242784	5.4270006471455e-06	0.000349504973880291
Sptbn4	2.99098164569193	-0.733704128681491	0.161384886049294	-4.54630013158349	5.45971668891136e-06	0.000349636576050003
Sfxn5	4.83124449728229	1.36257573645282	0.30009291879736	4.54051279154944	5.61175739055649e-06	0.000357365488798622
Caln1	9.35065797385322	-0.599978143845747	0.133092550392611	-4.50797690836839	6.54486971196703e-06	0.000414472054703957
Gabrg2	3.15414731169624	-0.786345396348251	0.174699079731734	-4.50114217862942	6.75892735552804e-06	0.000425663054837923
Spock3	7.48828441032388	-1.0966084778809	0.243965268545468	-4.49493685891817	6.95905937530477e-06	0.000435858889115929
Abhd12	4.1803857587718	-0.926877341106722	0.206644156861643	-4.48537890053822	7.27844760835877e-06	0.000450907740693922
Lhfpl3	23.508931614176	1.55180403076161	0.345961465413157	4.4854823033785	7.27491847433111e-06	0.000450907740693922
Celf4	7.77056488435237	0.874567353654199	0.195070850697878	4.48333182802751	7.34865206221685e-06	0.000452796134363297
Gm28539	1.38086863973239	-1.50629725715603	0.336380304510003	-4.47795913423115	7.53600226468765e-06	0.00046184349362997
Grm7	15.0253273913458	2.18374935467204	0.489648453587383	4.45983100461753	8.20243035265166e-06	0.000499997345400408
Vcan	5.8762433392282	3.79476767583388	0.851292683680833	4.45765334129973	8.28617602390467e-06	0.000502415534555795
Ubl3	2.34058791493951	-1.15914955854202	0.261518518930773	-4.43238040380941	9.31983999011749e-06	0.000559968131332637
Nrg3os	2.9787528761666	-1.4409202690564	0.325201719859102	-4.43085070300582	9.38620599688349e-06	0.000559968131332637
Arhgap44	3.11578211334481	-0.915320777619998	0.206623359399695	-4.42989979583766	9.42768837219076e-06	0.000559968131332637
Pde10a	16.2648989113936	-1.12819011666811	0.254681713457827	-4.42980417145233	9.43186956889782e-06	0.000559968131332637
Mapk14	4.13109166963507	-0.850453259659218	0.192066234681247	-4.42791655217602	9.51476967231136e-06	0.000561963002563094
Tmem132e	0.310669232300332	3.39710116340241	0.768650702161177	4.41956424921092	9.89001158528752e-06	0.000581114649797383
Nrp2	0.996054719074448	3.74708721583285	0.850422509889869	4.40614773510417	1.05225209918808e-05	0.000615108804033072
Zic2	1.4297620464758	3.25310373678681	0.739681980781885	4.39797618612812	1.09264964257636e-05	0.000632239252575023
Itga3	0.534859959874056	-3.04860140369482	0.693044457519603	-4.3988540282188	1.0882398907124e-05	0.000632239252575023
Cerk	4.0484794244193	-1.36109568344105	0.310128966655493	-4.38880539963564	1.13974997070806e-05	0.000656162116974809
Tead1	3.38613369972518	-1.07750562394398	0.247126836804233	-4.36013197869541	1.29984022229432e-05	0.000744566768539347
X9530026P05Rik	4.94900130075639	1.55098785161033	0.356384647670052	4.35200523297026	1.34898041511761e-05	0.000761238997620079
Rps6ka5	2.92159545978593	1.56953979538235	0.360632108705581	4.35219093778397	1.34783798419916e-05	0.000761238997620079
Lsamp	183.506773303052	-0.846645999796382	0.194464152051372	-4.35373816132818	1.33835548622773e-05	0.000761238997620079
Zfyve28	3.40770182113063	-0.705824429049291	0.162737659530968	-4.33719171753835	1.44314739241269e-05	0.000810366360892231
Pde5a	1.6308538632383	3.12157715676943	0.723216107325195	4.31624396242299	1.5870657147498e-05	0.000886811866785928
Gm20732	1.9212771790559	-1.32132071061992	0.306558717547499	-4.31017170606212	1.63127834525408e-05	0.000907070334514697
Homer3	1.20816873652406	1.68810549473083	0.392677119080793	4.29896577290388	1.71596967184213e-05	0.00094494387871152
Dpy19l1	1.13092878264334	-1.51578936958928	0.352578337667979	-4.29915626585288	1.7144955960433e-05	0.00094494387871152
Fmnl3	1.65021021271809	-2.95630522765267	0.692615940781016	-4.26831820289762	1.9695224564659e-05	0.00107935511929109
Cacna1c	8.23821004296787	2.33521528615488	0.54745179686976	4.26560895316676	1.99357695506898e-05	0.00108731022539863
Bcl2	2.43994435191696	-1.47497143757276	0.348862221352676	-4.2279483053617	2.35831956268428e-05	0.00128011831881134
Nptx1	0.526761512793321	3.21189970541171	0.759975946887882	4.22631758092412	2.37546674524992e-05	0.00128331494924663
Cxcl12	5.68900360895215	3.30451981243387	0.783340939247005	4.21849497054293	2.45938456207659e-05	0.0013223832369392
Sla	0.876053891373697	1.90760235451743	0.453201317417413	4.20917212992227	2.5630807723528e-05	0.00137166937671594
Adarb1	3.43132802669552	0.902183828203437	0.214556641405961	4.20487486330671	2.61226646396909e-05	0.00139145913190578
Medag	1.2378677827791	-3.9732092709285	0.946837362344963	-4.19629540292785	2.71316328788321e-05	0.00143848131714329
Gpd2	2.507428913337	-1.5523551601577	0.370218421778218	-4.19307919012103	2.75193322103812e-05	0.00145228179567655
Cpd	2.28511452893042	-1.67636054696684	0.400068431300249	-4.19018451797998	2.78727701976331e-05	0.00146415533402221
Gm16054	0.337314925355307	4.30110953936269	1.02761396177634	4.18553046119356	2.84500910725662e-05	0.0014876265510834
Kcnc3	3.68315032606347	-0.933523759782763	0.223468604665823	-4.17742689707471	2.94825373760768e-05	0.00153457280159772
Rab3c	4.01005752584575	0.720537706424606	0.172698915771496	4.17221905074364	3.01647427434579e-05	0.00156294501151217
Sesn1	6.3684282816336	-0.881604428542821	0.21160429951453	-4.16628788056494	3.09599696680761e-05	0.00158969682092973
Bmp6	3.72449063429155	-2.14139488567811	0.513859917531347	-4.16727363357247	3.08264378918312e-05	0.00158969682092973
Pced1b	2.13236529089353	2.93059118294037	0.707073369360428	4.14467763874517	3.40292076825509e-05	0.00173945712275066
Cacna2d3	20.374917067211	-1.04622084815953	0.252660122407045	-4.14082300836547	3.46061914949106e-05	0.00176105346808253
Frmd6	1.76136423583319	-1.30430224916161	0.315879167166584	-4.12911766502716	3.64158016120672e-05	0.00184490543367091
Myt1l	10.2120005616546	0.53743783459889	0.130254072281081	4.12607318287239	3.69009885373033e-05	0.00186121401918903
A230006K03Rik	1.46208421643162	-2.93685199430832	0.712201667052107	-4.12362415053636	3.72957287769633e-05	0.00186792269087288
Eml5	13.3354678516805	-0.798795653674735	0.19373116701386	-4.12321706407513	3.73617311622963e-05	0.00186792269087288
Shisa8	0.434541432120856	-5.3326983483684	1.29626697681905	-4.11388891619723	3.89048705661053e-05	0.00193657912481675
Cntnap5b	3.61829883940239	-1.79888366553377	0.438765890270413	-4.09987126489052	4.13380021096831e-05	0.00204874733064469
Rgs6	23.6308722310104	-1.75357263804248	0.427878409021948	-4.09829662134818	4.16201708257286e-05	0.00205380228243498
Lrrc49	1.83814516537356	1.72164820362769	0.420493400441049	4.09435249595328	4.23349825737385e-05	0.00208007097568123
Asap1	8.73225171441084	1.10518553838571	0.270035723782999	4.09273826034155	4.26308837616127e-05	0.00208561993132456
Slc16a11	3.35388905872585	-1.20624297569461	0.295627831813745	-4.08027542026076	4.49823707111113e-05	0.00219125659716221
Pygb	1.49491835993867	-1.65508113254551	0.406244809338118	-4.074097919533	4.61930444026491e-05	0.00224065750274807
Sec24d	0.828220045144529	-2.12691112535763	0.526678037158441	-4.03835165945564	5.38281162884756e-05	0.00259994363378107
Kcnq5	5.12416878906667	2.46821093103457	0.612643774249302	4.02878644128714	5.60655194857787e-05	0.00268525570007728
Nrg2	6.51208871149967	0.692729556053364	0.171941178873311	4.02887522693896	5.60443523443905e-05	0.00268525570007728
Il11ra1	0.800746261448407	-1.7997075988296	0.447459523708632	-4.02205675256003	5.76921520902335e-05	0.00275160184801913
Shroom3	3.35572022927057	-1.27687015859609	0.318679445480648	-4.00675404926181	6.15589066577032e-05	0.00291165965556497
Gm15337	0.71446665745304	-3.41566101916733	0.852295705917186	-4.00760087778644	6.13386646475121e-05	0.00291165965556497
Airn	4.98881988441822	-1.31837944279069	0.329593378096693	-4.00001799309185	6.33376678004582e-05	0.00298341353412158
Dpp10	10.2442929230174	2.5954773124522	0.650754863441853	3.9884101652728	6.65175829234454e-05	0.00312030422940064
Syt9	1.19582310908919	1.23052557668606	0.309133297165357	3.9805662734152	6.87512931890164e-05	0.00321186881582622
Dusp11	1.86783796354531	-1.2225563464312	0.308060517064435	-3.96855902885953	7.23085470538396e-05	0.00336426582802742
Zfp956	0.619078504200694	-1.66076475723372	0.418926992562461	-3.96432979186966	7.36024405308573e-05	0.00339828140841834
Sergef	1.74302862124454	-1.11738320633105	0.281867003686222	-3.96422139419675	7.36358898043101e-05	0.00339828140841834
Cdh12	7.3960536267654	1.1807991127791	0.29827771289733	3.95872390635348	7.5351280527579e-05	0.00346342438199142
Dennd3	1.52839181204231	-2.39428316517883	0.608965398802555	-3.93172283661248	8.43392689912873e-05	0.00386097721779793
Gria4	53.8549273967484	-0.666465575705414	0.169728337208471	-3.92666060757326	8.61333850540873e-05	0.00392733782492616
Map7	5.99536581758281	-0.955253698651033	0.243578960470372	-3.92174142137052	8.79113061436721e-05	0.00399243417821402
Tmem132c	1.20132002526057	2.97216407653951	0.758454551996475	3.91871084261529	8.90238359995269e-05	0.00402691550221669
Ptms	2.63462192280182	1.24187349523924	0.317258012977883	3.91439599454912	9.06307921873072e-05	0.00408340079107951
Zdhhc14	5.37369150765502	2.01822268875362	0.51628112570812	3.90915450566873	9.26197147965916e-05	0.00415658318490688
Fgf1	1.92054286580831	-2.45557271495051	0.628961889713153	-3.90416773275469	9.45501918374231e-05	0.00422657896766583
Efhd1	0.367383559268565	-4.02528778897225	1.03153810093946	-3.90221920577269	9.53147786099739e-05	0.00423943081248121
Pak1	5.05183573330112	0.721725676228151	0.184984682877472	3.90154290075033	9.55815175723897e-05	0.00423943081248121
Glce	1.65090513618627	0.980826619407433	0.251513059431718	3.89970453869697	9.6310145702543e-05	0.00425519128241584
Cntfr	1.60306529840294	-1.60839788887774	0.413141520411434	-3.89309185694042	9.89746541442914e-05	0.00433825421498227
Frmd3	3.05134251005359	0.932660967579771	0.239621972072935	3.8922180612715	9.93319019309039e-05	0.00433825421498227
B3gat1	0.313596043961874	3.36970284225188	0.865649272995247	3.89268835239971	9.91394743273164e-05	0.00433825421498227
Epb41	8.23468249503555	-0.608225904479654	0.156399532108856	-3.88892406696153	0.00010068961215133	0.00437684369359719
Crtc1	1.11842398952787	-1.45344983514131	0.373808846699147	-3.88821679309022	0.000100983410072468	0.00437684369359719
Gm20642	3.89033040487431	-1.32733675799024	0.342164322297431	-3.87923775651989	0.000104784299326821	0.00452437965161529
Snrpn	1.77482746245789	-1.37383789890614	0.354287517546497	-3.87774852588713	0.000105427608612368	0.00453497853046181
Hs3st4	3.4011788279662	-3.35013635777863	0.865368079164187	-3.87134265573367	0.00010823751423879	0.00463834370228559
Arhgap21	6.91571217068435	-0.679266232551805	0.175914946092547	-3.86133326155499	0.000112769959643591	0.0048090741236047
Antxr2	0.645670550701192	-1.97697476406751	0.512077536061035	-3.86069418173399	0.000113065344778144	0.0048090741236047
Tenm4	5.75414655384963	1.73835327847454	0.450647620029264	3.85745580629418	0.000114573386428304	0.00485510049032058
Zhx3	4.94939845602271	-0.918543239921662	0.238525210649382	-3.85092727691525	0.000117671439953595	0.00496791386678159
Ccdc85a	5.21795315760538	2.39282120906102	0.6219207175603	3.84746984864517	0.000119343959263026	0.00501993281047686
Stat5b	2.96799212174161	-0.883182526254972	0.22978024381568	-3.843596436269	0.000121244324011085	0.00508111782868514
Edem3	1.39081981733421	-1.2158244800742	0.316907315398909	-3.83653018089461	0.000124784867018947	0.00521033955732227
Phf14	5.97933255366405	-0.664567723983526	0.173373181638073	-3.8331633399383	0.000126505892744308	0.0052629221583663
D630045J12Rik	1.18050315200492	1.7788812788859	0.464219690059832	3.83198153153871	0.000127115283728385	0.00526904406989039
Gm44071	1.07149740569003	1.82635299390413	0.47680534337265	3.83039539990374	0.000127937510493551	0.00528391189172458
Vstm2l	0.665770007815235	-2.12331371225736	0.554816232848524	-3.82705765719199	0.000129684146393975	0.00533671330232825
Vsnl1	3.99600155257373	0.884984377626259	0.231348473597708	3.82533052353376	0.000130596751698964	0.00535493659214563
Fam184b	0.653084925125531	-2.02243883896991	0.529309583169346	-3.82089972159612	0.000132965711689182	0.00543253099478491
Camk1d	8.63477617297712	-1.42583693142542	0.3737859567458	-3.81458132841275	0.000136414007295874	0.00555351167559167
Slc2a13	3.63142219375435	-0.817124894188592	0.215311622328196	-3.79508029038518	0.000147595683776843	0.00598734234652039
Lsm11	0.350653725285141	1.83273928670927	0.483307245994072	3.79207905923212	0.000149391335739603	0.00603869445424018
Aff1	4.07437744774026	1.65262169151247	0.436105569414782	3.78949916583305	0.000150951318337897	0.00607437575035572
Trio	7.30320354482846	-0.801837629447787	0.211630282591378	-3.78886055260815	0.000151339829204406	0.00607437575035572
Ddah2	0.628624988164945	-2.63761825153885	0.696554987987413	-3.78666192479626	0.000152684611930201	0.00610684874172757
Hip1	8.65956193264364	-2.04811124935802	0.542601464493569	-3.77461430420133	0.00016025541555607	0.00638724294378897
Add3	4.02682409523073	-1.2744380103999	0.338026617729068	-3.77022974983993	0.000163097331754387	0.00647786231591726
Slc1a2	5.67203409096372	-1.84690357749264	0.490223742229978	-3.76747068408245	0.000164909899101953	0.00652711090230266
Meg3	95.5874933191755	-0.393686304307107	0.104672433054612	-3.76112690627632	0.000169149578952737	0.00667175103973096
Cacnb2	7.93349125064505	0.7412962236305	0.198321883218309	3.73784381027935	0.000185605185483515	0.00729556382526411
Trim67	2.23225174593459	-0.847872751362701	0.227559287935072	-3.72594218876541	0.0001945870024155	0.00762232728705941
Lrrc9	0.451169911960713	-3.51872588474088	0.946826922021608	-3.71633484737411	0.000202133661290697	0.00789082741456389
Arhgef37	2.75855041571011	-0.722305487401657	0.194419133607086	-3.71519754254954	0.000203045006684186	0.00789935164229706
Pds5b	3.47740776120607	-0.786317700393268	0.21211217795078	-3.70708418531127	0.000209659263530414	0.00812893178565711
Ampd3	1.31825799263809	-3.16842279681493	0.856685075262074	-3.69846853681402	0.00021690423031183	0.00838132651296458
Ralgapa2	3.85319454837865	-0.624720198943438	0.169016387657955	-3.69621080890516	0.000218841278470541	0.00842760720704628
Lin7a	6.91133579026538	-0.621374384783941	0.168292961825914	-3.6922184863958	0.000222306354373814	0.00853222267174109
Psd2	1.26151466277411	1.80901434239385	0.490283997557652	3.68972748734499	0.000224494403310709	0.00855856756969489
Shtn1	2.65889984557399	-0.793040017260291	0.21489841810348	-3.69030179123244	0.000223988159315254	0.00855856756969489
Fgfr2	22.3382574085301	-0.668472082442535	0.181264796706242	-3.68782077154155	0.000226182870003066	0.0085941951172165
Dock7	4.48980373887098	-0.665262462364256	0.180485063726539	-3.68596962334914	0.000227833527542126	0.00862815408788272
Rph3a	3.04168416137726	-0.518131301807601	0.140736589547132	-3.68156783871817	0.000231804091340126	0.00872057702041616
Ano4	4.73229553889233	-1.432037534685	0.388934662502355	-3.68194885349498	0.000231457852127763	0.00872057702041616
Pdzd2	2.67718759486415	-1.50350307575238	0.408972546354141	-3.67629340686955	0.000236647332506922	0.00887349652383686
Madd	2.21686722585342	-0.807194833769075	0.219682645040125	-3.67436778459054	0.000238439073093666	0.00891136719408098
Jun	1.67674144359409	-3.0706124405627	0.83635542775481	-3.67142047347709	0.000241206134998893	0.00898532265638035
Agfg2	1.31394285078107	-1.47611845107206	0.403892924191752	-3.65472718796939	0.000257455595953251	0.00955940175332607
C530008M17Rik	2.40034083926486	1.55453764221949	0.425581664642474	3.65273641082596	0.00025946053372063	0.00960256696065409
Eps8	4.49013187345647	-1.49369709618547	0.409461756579273	-3.64795264071576	0.000264338347198414	0.00975143307351043
Lrp8os2	0.929733080304259	-3.07363452710595	0.843338167115145	-3.64460503147878	0.000267802754006579	0.00984736642877741
Aff2	3.90008722695695	-0.61436658052886	0.168956427910395	-3.6362427172921	0.000276643681923595	0.0100882020535345
Cyfip1	2.53673951424057	-1.27558875076909	0.350805298032265	-3.63617299374927	0.000276718532826901	0.0100882020535345
Gtf3c1	1.61758988718748	-1.09922951078338	0.302394707339311	-3.63508184536429	0.000277892398000687	0.0100882020535345
Lrrc1	1.25284707800706	-1.13586037347508	0.312406867448173	-3.6358367623385	0.000277079756692604	0.0100882020535345
Optn	1.31585185856312	-1.12865125000916	0.311153585969468	-3.62731236566855	0.000286386750787005	0.0103635637213367
Samd5	0.612263671749451	-4.20395440754029	1.16092493241826	-3.62121123437606	0.000293226972615393	0.0105775134836799
Slitrk2	0.687854805741897	-2.31719791797176	0.640631471983058	-3.61705289126514	0.000297976432500288	0.0106812369624867
Cdkl3	1.47369356710784	-1.34983484078524	0.373115080111795	-3.61774399571518	0.000297182126015689	0.0106812369624867
St8sia4	1.21479692425838	-2.38656821162675	0.660880689934036	-3.61119374189153	0.0003047908592172	0.0108572218881777
Nwd2	3.46350682862136	1.1267097855815	0.311973884320713	3.6115516144397	0.000304370489504411	0.0108572218881777
Prkca	11.0770586973357	-0.741104918402279	0.205395780725004	-3.60817985543002	0.000308352707234982	0.0109498832080111
Tpmt	0.357521704769425	-3.51139279358649	0.978834769154238	-3.58731923327623	0.000334095195282376	0.0118271774255398
Srgap3	7.09915410976798	0.605255572817576	0.168985194200934	3.58170770924397	0.00034135558426098	0.0120467873219533
Grik4	2.37898318522218	-3.14964164591228	0.879842318945626	-3.57977966971026	0.000343884035036631	0.0120985620845141
Tbl1x	3.87896847197162	-0.865667669951154	0.241895505767818	-3.57868438772096	0.000345328191535922	0.0121119878625168
Usp22	1.31213286411779	-1.20682503028861	0.337807879630443	-3.57251888738906	0.000353563973762709	0.0123628090089605
Synpr	3.40987051084383	-1.45727639570082	0.408296459470445	-3.56916246001958	0.00035812430385292	0.0124839722924142
E130114P18Rik	1.5988102529182	1.65598810611754	0.464151004134024	3.56777878614559	0.000360020245748811	0.012489722701219
Yeats2	2.37520820636199	-0.764525115373064	0.214306140301719	-3.56744381797319	0.00036048063590675	0.012489722701219
Gtpbp2	1.63067639561875	-1.16754457617203	0.327740491621041	-3.56240564111327	0.000367472005188931	0.0126933739004504
P2rx4	2.15722759337436	-1.01774779602617	0.286191425016316	-3.55617851222532	0.000376288444741581	0.0129586464701187
Ptpro	1.21329190299833	-3.88211312765608	1.09731240580057	-3.53783763596821	0.00040341804380884	0.0138112606862502
Tg	1.20573967266933	1.54263815596443	0.43604399761114	3.53780390147725	0.000403469585798871	0.0138112606862502
Flrt2	2.3596156462897	2.01789359805015	0.570839935021658	3.53495520241342	0.000407844295092193	0.0139192129334009
Klf7	4.03328933295116	-1.50686507432607	0.426770567874147	-3.53085518955101	0.000414218456363623	0.0140945557733998
Mapt	11.9514181046359	-0.611527018593231	0.173238209916989	-3.52997770460833	0.000415594687449998	0.0140992971495313
Sgf29	0.540272478389291	-1.84355833984468	0.523337003139667	-3.52269823991918	0.00042717743550648	0.0144064958205277
Mpp7	4.82576715467289	-0.458646478464686	0.130171668267882	-3.52339709990372	0.000426052498712125	0.0144064958205277
Epha7	1.74212455686348	1.4763760798856	0.41981155842084	3.51675900834919	0.000436850214301198	0.0146892495363403
Sorbs1	4.26193863283406	-0.849430832275896	0.241671025811626	-3.51482280270534	0.000440047502649627	0.0147532396550091
Frmd4b	11.6532503452896	1.50126224850663	0.427757970438287	3.50960672215742	0.000448769923110164	0.0150015494238497
Elmo1	21.1956530746707	-0.721158082966422	0.205531409812415	-3.50874877773967	0.000450219952855445	0.0150060153292375
Prmt8	1.69513891596321	-0.659721884655393	0.188197000608479	-3.50548564813669	0.000455775073287845	0.0151468806425894
Wscd2	2.28124876826505	1.05610051873873	0.301847017276784	3.49879395286627	0.000467367599504172	0.0154869862405467
Arl15	12.566100020517	0.73770836691647	0.211176831084259	3.49332056518135	0.000477053463484995	0.0157621229862767
March4	1.34886832659528	1.52703553370881	0.437348574325314	3.49157542370985	0.000480180871261919	0.0158196004379035
Ppm1l	5.00668779111209	0.620612477030849	0.177886749880901	3.48880665618076	0.00048518194699587	0.0159382968697577
Macrod2	22.1241896564437	-0.523619499034958	0.150731162536115	-3.47386360076337	0.000513021754277568	0.016804410853477
Acss2	2.89003390516436	-0.763398722237424	0.220299702519704	-3.46527350471181	0.000529692489652653	0.0172638188478562
Tbc1d30	0.762011478545517	1.16550919049313	0.336358633779237	3.46507885764007	0.000530076023927507	0.0172638188478562
Adam10	6.05949803255985	-0.614568107148054	0.178000949154439	-3.45261140498097	0.000555188168365878	0.0180301707441671
Slc20a2	2.93636301867555	-0.685875343952265	0.198844225807746	-3.44930983621023	0.000562021429414634	0.0182002337326631
Fam126b	2.26303745257914	-0.754140109644758	0.21873209352738	-3.44777987300871	0.000565214483541764	0.0182517844132934
Rbms1	8.07512581878256	0.8850714320098	0.256877085006567	3.44550558874169	0.000569992180434826	0.0183540702394819
Hunk	2.78414898992533	0.870478733881151	0.253043437153602	3.44003679238973	0.000581635111984955	0.0186762215253986
Gm12394	4.78233202865663	-1.43300862183969	0.417806180313107	-3.42984065186824	0.000603935809553798	0.0193378210480442
Gramd1b	5.38014938117267	0.606590642034536	0.177707696192354	3.41341796124548	0.00064153470401432	0.0204841851290174
Ndst3	4.69837258514227	-0.977754113537737	0.286814562234066	-3.40901140416923	0.000651987540779754	0.0206812925956834
Cachd1	1.76235335621413	2.61217906880595	0.766488892466995	3.40798033014997	0.0006544561214414	0.0206812925956834
Ccni	2.21932505768453	-0.853593830854081	0.250540213813788	-3.40701326090712	0.000656779359561135	0.0206812925956834
Reep1	2.31254687599983	-0.698899118189649	0.205111460656684	-3.40741134577295	0.000655822093499016	0.0206812925956834
Psg16	0.896082063589315	-1.23731915177555	0.363034414087634	-3.40826958481371	0.000653762716894977	0.0206812925956834
Fat3	8.95312136953441	-0.821601269012371	0.241232710964416	-3.4058451929165	0.000659595692279189	0.0207127583919848
Tspan4	1.32101660325823	-2.73983295049913	0.804700204031309	-3.40478719499931	0.000662156322978149	0.0207360437517251
Adamts18	1.19310713469974	-0.930224057710284	0.273667359068727	-3.39910488731933	0.000676067841248052	0.021056003613078
Robo1	4.07706351271228	-1.88804845486078	0.555413351878066	-3.39935734075632	0.000675444056911086	0.021056003613078
Dpysl5	0.329434654059235	2.68610404442851	0.790550377232567	3.39776454706353	0.000679388652003189	0.0211017745073143
Myo1d	2.15768679747791	2.02978814708196	0.597685396205678	3.39608121591692	0.000683580733110008	0.0211510294945454
Sorcs1	7.71210991717975	1.66903413608271	0.49152281451081	3.39563919885148	0.000684685488506645	0.0211510294945454
Gm26916	2.99313133653983	-2.43163725173422	0.716374104516115	-3.39436788181603	0.000687872212776903	0.0211920414957944
Slc29a1	0.406919278998123	2.92127159014141	0.862037902968925	3.38879715158733	0.000701999210076061	0.021568973034116
Stmn4	1.41890534023514	-2.57082638009981	0.759925785410734	-3.38299664185009	0.000716995090097241	0.0219705027742431
Tbpl1	1.58940333021439	-0.93258069929602	0.275752480066089	-3.38194854701764	0.00071973624149139	0.0219953710905103
Dst	13.7842255075175	-0.546063279895299	0.161517519678465	-3.38083002377919	0.000722672326307669	0.0220260477208051
Ptprm	17.2581311256087	2.24999252388583	0.666459754269233	3.37603660156932	0.000735381355199569	0.0223536321811197
Fgf14	85.2904105570312	-0.722566077959283	0.214201691656521	-3.37329771941269	0.000742735968795405	0.0225171470965394
Ica1	2.96086929036497	-0.902849749672177	0.268042636161803	-3.36830648511894	0.00075631469758683	0.0228076489577383
Ly6h	1.67002975257925	-1.06201745455068	0.315297335578048	-3.3683045643365	0.000756319967192303	0.0228076489577383
Srrm3	5.06479542115572	-0.529482831839856	0.157384583973665	-3.36426108880176	0.000767489005725439	0.0230833962434414
Mtm1	2.38461602021616	1.32674038712531	0.396154357798715	3.34904907899416	0.00081089430237869	0.024324695138986
Dtna	10.4048277947455	-0.54875775774377	0.163902169360694	-3.34808111377793	0.000813731909393832	0.0243457481238328
Cdh20	10.1153319085044	-1.17095737938397	0.350378939486786	-3.34197420969172	0.000831847894059483	0.0247916814704512
Klhl11	0.517303957005486	2.41453306624876	0.722569142190642	3.34159449285161	0.000832986578049197	0.0247916814704512
Plekhg5	0.755818277731283	-3.15710532624452	0.947642177766292	-3.33153736749688	0.000863677039351914	0.0256381629468033
Hs3st1	0.754117722485393	-1.43033634718048	0.430087885853921	-3.32568387584461	0.000882019017629924	0.0261146357973078
Pard6g	0.891201730074631	-1.60801923959666	0.483767164688054	-3.32395283717437	0.000887512037905653	0.0262091961660273
Fig4	1.1734076981734	-1.26230539015325	0.380107203588813	-3.32091940966941	0.000897214406571109	0.0264272532829563
Efnb2	0.646790689891981	-2.04110696107492	0.614927546681008	-3.31926415086059	0.000902550094017841	0.0265158982518283
Oprm1	1.3046890363646	2.52605720905755	0.761580906124084	3.31685995374204	0.000910352361973307	0.0266763665144826
Gria2	31.6976735057757	-0.926425139432506	0.279606516339372	-3.31331741320384	0.000921962826388937	0.0269473186102756
Gm28370	0.902935136018943	-1.16615041150716	0.352827995119009	-3.3051527306211	0.000949246569535086	0.0276738149517403
Hdac1	1.04302574387147	-1.82351442234651	0.554134800595171	-3.29074156755352	0.000999236660699228	0.0290568844268125
Mthfd1l	1.83141072287003	-0.858473173150623	0.261295842006769	-3.2854452124362	0.00101821342299753	0.0295333710146281
X4930402H24Rik	17.1783028221111	-0.548427261331499	0.167074217287382	-3.28253676860361	0.0010287756815641	0.0296886430231624
Idnk	0.521056974119515	-2.5804524933781	0.785962875221866	-3.28317351204366	0.00102645466169479	0.0296886430231624
Coro6	1.22100592161275	1.20769389174831	0.368188686657353	3.28009505863016	0.00103772115723437	0.0298711703821076
Tmem110	1.30268106635422	-1.20170005149103	0.36709777404845	-3.27351495008637	0.00106218771549708	0.0304984326673836
Cyp7b1	3.83358232055959	-1.16390479855526	0.355832894811073	-3.27093086538057	0.00107194112205504	0.0307011478650888
Rab23	0.719004528285381	2.53701525600854	0.778270177955095	3.25981301593047	0.00111485686001045	0.0318502590156871
Epha4	1.16099730033457	3.07794598366574	0.944524982348352	3.25872374070309	0.00111914589501595	0.0318928601432171
Sez6l	2.57059581181956	-2.21093020632158	0.680098046134685	-3.25089921796912	0.00115040629932537	0.0327019486434162
Bend6	4.33327373990106	-0.512963981393653	0.157910352413104	-3.2484506148888	0.00116035349305453	0.0328210160479618
X9330182L06Rik	1.77327465513826	1.2816870114398	0.394529863346993	3.24864384299483	0.00115956564458056	0.0328210160479618
Clip1	5.41566030318289	0.638949464765297	0.19673955927985	3.24769185772359	0.00116345195946922	0.0328272002128457
Pfkm	2.34725146587761	-0.903136432103463	0.278166640217719	-3.24674602028693	0.00116732509462035	0.0328551574162403
Gmps	1.62081104961562	0.887810271913557	0.273520949928605	3.24585839638717	0.00117097068405745	0.0328765882452485
Nol4l	2.31802945803645	-1.23465512659081	0.380643295578316	-3.24360140040029	0.00118028790695301	0.0330567613055463
Zdhhc4	0.521027501621385	-2.05205009701641	0.632947895718042	-3.24205216716691	0.00118672297376481	0.0331555273969241
Dpf2	0.918796957164748	-1.31583630459565	0.406163197990607	-3.23967388258077	0.00119666478338757	0.0333515449042418
Atp1a1	2.82950838188606	1.12472565494156	0.347603290492978	3.23565882632023	0.00121362346588101	0.0337416924087259
Sphkap	7.01245674998348	0.738596261909682	0.22878553646141	3.22833459375725	0.00124513242910935	0.0345334904122079
Rims1	16.0797297302868	0.835259790319732	0.258794392965421	3.22750342752339	0.0012487554499509	0.0345499111019183
Fnbp1	14.8649273687189	-0.593258626017662	0.18399995944305	-3.22423237381898	0.0012631085855981	0.0346943970294766
Dopey2	1.77196211559857	-0.98840282394391	0.306538761237662	-3.22439752791196	0.00126238026639292	0.0346943970294766
Abhd16a	1.88270867718241	-0.78268045651981	0.242706765536903	-3.22479867748394	0.00126061283623459	0.0346943970294766
Arhgef10l	2.33681503543614	-1.44166116564018	0.447571319615806	-3.22107584301357	0.00127710346701447	0.0349944769723509
Syt7	2.94971280653198	0.725061597283614	0.225229673508814	3.21920991132299	0.00128544348777143	0.0351385379307112
Ppp1cc	3.05779323151063	0.743825003659554	0.231586219950411	3.21187074005883	0.00131873694918497	0.035962398286506
Scn9a	2.89698263878773	-0.885137055665159	0.276437336809375	-3.20194466449925	0.00136503216957191	0.0371360422457046
Creb5	2.38201937689251	-1.65302054827665	0.516973876446661	-3.19749338136469	0.00138627592605834	0.0376241887646167
Sema3e	1.7842061912315	1.56333239024797	0.490824429353355	3.18511528105398	0.00144696354458385	0.0391779986810244
Palm2	1.66868167689928	2.66006482369108	0.837403060173174	3.17656448871942	0.00149030651217131	0.0402559334887221
Kcnd2	56.8121086294801	-1.16704181847643	0.368317196905778	-3.16857813938831	0.0015318656490047	0.0412268079495214
Ubxn7	2.85803991088899	-0.911848787785905	0.287806392443301	-3.16827148988897	0.00153348246079455	0.0412268079495214
Fbxw7	3.51292624864922	1.02918248773803	0.324911125613578	3.16758155263067	0.00153712590800007	0.041227525235983
Cntnap2	30.815759170952	-0.82289428053162	0.260032243925241	-3.16458554566103	0.00155304000266139	0.041556579789524
Cnep1r1	1.10898490880441	-1.16724495839837	0.368999649682568	-3.16326847302563	0.001560083882211	0.0416472978297968
Mmp24	3.06491145753776	-0.717202584461564	0.226799277554718	-3.16227896399948	0.00156539524848556	0.0416914496202964
Utrn	10.5508936872188	-0.706166760232695	0.223594735791123	-3.15824412294026	0.00158722579972068	0.0420877968694903
Flrt1	1.15003526937168	-1.81596360289584	0.575006088698117	-3.15816412832671	0.00158766143116772	0.0420877968694903
Fxn	0.410033722466641	-1.69334007355867	0.536938033527894	-3.15369738744853	0.00161216162265371	0.0426381214306953
Etfa	2.95848865265786	-0.701256195138437	0.222503105014982	-3.15166925464352	0.00162340045512419	0.04283597636102
Rps6ka2	1.58640829373648	-1.0253797847996	0.326026133279364	-3.14508464240496	0.00166038783498397	0.0437107642747858
Zic5	0.637592842758986	2.50969715555007	0.799501388107784	3.13907792141535	0.00169480374236296	0.0445139812423857
Ccnjl	2.2378641623144	-0.938389454903126	0.299112574865805	-3.13724508347443	0.00170543503630139	0.044690239031723
Tmf1	1.11339561295579	-1.08050934507683	0.344797332050488	-3.13375204689406	0.00172586625844759	0.0451219024771654
Amotl1	0.86732198308481	-1.99050701686302	0.636082358292731	-3.12932278487587	0.00175209722951317	0.0455985304091795
Sipa1l1	4.36886040204909	-1.21201537585	0.387296371017037	-3.12942611020924	0.00175148116338996	0.0455985304091795
Csmd1	27.774840188178	0.697650091590843	0.223083796663565	3.12730060194814	0.00176419445324994	0.0458087757917906
Anapc5	2.23338090440654	-0.779580360941333	0.250440669589372	-3.11283451773049	0.00185299885239185	0.0478964487945911
Zfp260	1.95353386173051	-0.935454640856642	0.300459521067461	-3.11341320632208	0.00184936895938552	0.0478964487945911
Jund	2.48169660428692	-1.4052600130373	0.451839963064962	-3.11008349838073	0.00187034463847893	0.0482354265475595
Cfap61	0.251628549497598	-3.2344600615151	1.04026256778556	-3.10927275639689	0.00187548492959193	0.0482588097345788
X4931406P16Rik	4.49453224877142	-1.08349223214953	0.34934490746085	-3.10149714225033	0.00192544730865869	0.0494328240346856
