baseMean	log2FoldChange	lfcSE	stat	pvalue	padj
Luzp2	30.6753308531644	-2.36108978494223	0.143652455590618	-16.4361254754383	1.05448676249521e-60	1.11617423810118e-56
Grid2	309.843131921545	2.1722280734777	0.142807621966068	15.210869304958	2.99538982565024e-52	1.58531006522539e-48
Cadm1	10.2124713392842	-3.38408478720153	0.226400542110622	-14.9473351770863	1.62107418429492e-50	5.71969008025392e-47
Grid1	8.51326901942629	3.48377595313686	0.268746533165463	12.9630544889372	1.98195373696181e-38	5.2447450764352e-35
Ptprk	12.6218889735313	4.92351938636491	0.382940419481557	12.8571420928368	7.84228940309396e-38	1.66021266663499e-34
Cntn6	7.96177384352212	-1.74175439424082	0.135977586813963	-12.8091285854616	1.45762268706677e-37	2.5714893571003e-34
Adgrl3	30.2269998532578	3.68106591109509	0.289750631572412	12.7042550041005	5.60001797629383e-37	8.46802718272432e-34
Cdh22	3.41610558824725	-7.03869743875104	0.562221778730778	-12.5194321974524	5.8451792510577e-36	7.66995874638651e-33
Socs2	2.06205733127457	2.72199156409344	0.217572402277767	12.5107391176311	6.52145760202916e-36	7.66995874638651e-33
Frmpd4	29.9715316448629	2.21480265059858	0.178151582647695	12.4321244733396	1.74922882845885e-35	1.85155871492369e-32
Galnt18	3.94810390004482	4.85438937936555	0.395473557276727	12.2748772706661	1.23579056611511e-34	1.18916755839349e-31
Dpp6	30.1545998228712	-2.11811828587156	0.173219386758726	-12.2279516485175	2.20427124978574e-34	1.94435093158184e-31
Grm8	9.79413325582325	5.32463116380937	0.437813216863294	12.161878533402	4.96047029509713e-34	4.03896754412332e-31
Grin2b	6.37839482878013	-2.16940433830751	0.179451289185927	-12.0890986526144	1.20602558390841e-33	9.11841486119321e-31
Sorcs3	7.43309276145321	6.53023954546003	0.589151532426344	11.0841425101045	1.49778604541939e-28	1.05693768605095e-25
Grin3a	5.15430043096746	-2.67040896325602	0.244957542470684	-10.9015176112636	1.13350731911456e-27	7.05774998401623e-25
Nxph1	18.8660634976932	-5.84127026769853	0.535577595599454	-10.9064873431843	1.07323587850129e-27	7.05774998401623e-25
Ryr2	8.45108842482194	-2.23414715200999	0.214433690013001	-10.4188252875494	2.03450473517104e-25	1.19640181232142e-22
Mgat5	8.34365132434149	1.97774592596896	0.195185195716593	10.1326635901251	3.9572034439742e-24	2.20457886602457e-21
Il1rapl1	31.0105460345572	2.85599210336627	0.284737138294198	10.0302760661147	1.12202448690515e-23	5.93831459694549e-21
Pcdh9	120.451366259354	-2.06321975332588	0.206311099589303	-10.0005271526014	1.51587949482723e-23	7.64075450130775e-21
Ptprt	7.57472610781456	-3.50009751091114	0.354622586921027	-9.8699226727219	5.62079246267562e-23	2.70436764624643e-20
Cacna2d2	3.15964318795747	-2.12362754580301	0.219302022196259	-9.68357484593792	3.54112632864504e-22	1.62968792124816e-19
Lmo4	1.70145987066358	-4.61461785393594	0.481967192092297	-9.57454766558515	1.02304140545125e-21	4.5120388652923e-19
Kcnc1	2.44978435191518	-2.38228529990896	0.257924576596709	-9.23636410047848	2.55015603659616e-20	1.07973606589481e-17
Gm11417	2.8771192716829	6.38744776435548	0.693995592345982	9.20387367701192	3.45273119888991e-20	1.40565999000961e-17
Nrg3	26.7563793384882	-1.77936619172773	0.197030359881852	-9.03092392865099	1.70228397625747e-19	6.67358366247603e-17
Prkcg	3.05070409260871	3.69076514879238	0.412400510261819	8.94946794912848	3.57199833179806e-19	1.35034294078866e-16
Afap1l2	2.72565649668381	-3.6161381323321	0.404392893994127	-8.94214064103861	3.81703384612868e-19	1.39321735383697e-16
Gldc	1.42018827219723	3.98011110249393	0.451402910724455	8.81720300851906	1.17354354386964e-18	4.14065280395338e-16
Whrn	1.94962016151171	2.34597896007401	0.268745234444466	8.72937882944596	2.56075139205809e-18	8.74372693062417e-16
Tspan9	4.58348346699276	-2.25631374228017	0.258787382697712	-8.71879346960186	2.81181925930418e-18	9.30097089366711e-16
Shisa9	3.78669297474427	-6.60236050150334	0.780732334813628	-8.45662489831347	2.75227451958053e-17	8.82812902719996e-15
Tbc1d4	8.38411215880815	1.61990624546242	0.191785852374244	8.44643244227104	3.00339666955726e-17	9.35028051390107e-15
Man2a1	3.49342266944537	3.36836302331239	0.400390896133976	8.41268634186251	4.00725496536114e-17	1.21190839452422e-14
Dach1	7.95618753507563	4.57839365575978	0.545974993147869	8.38572043265687	5.04160248094034e-17	1.48237117390982e-14
Nos1ap	4.4653784023549	1.59931673789596	0.191422739842365	8.35489419497907	6.54913874655511e-17	1.87358469276448e-14
Fam135b	5.45651113033372	-4.84435635046549	0.581667720717286	-8.32839124112242	8.19483057974843e-17	2.28269162333256e-14
Dlg2	39.9947006571018	-1.16096807715355	0.139521605238188	-8.32106307242934	8.71778409689339e-17	2.36609601706709e-14
Ppp2r2b	11.4645816302854	-3.62580597077323	0.446603689053559	-8.11862073610952	4.71511487949395e-16	1.24773727498609e-13
Pex5l	12.5586305009428	-3.61840804508303	0.460309758710999	-7.86081106604305	3.81654080777959e-15	9.85319132935291e-13
Myrip	1.45699894765029	2.63306825835274	0.335431954130466	7.84978361759955	4.16755684839478e-15	1.05032355333949e-12
Rgs6	22.0782800522359	-3.14332264056912	0.40122924053227	-7.83423121505102	4.71720021074816e-15	1.16119916815743e-12
Arhgef26	2.46621140836893	5.52939891214897	0.712057460898321	7.76538301441735	8.1398865403826e-15	1.95819770522613e-12
Sgcd	20.6207471688665	2.04513932450773	0.264672380946025	7.72705983600457	1.1005892228538e-14	2.588830427535e-12
Pvt1	3.1386311939227	-2.27880635948926	0.297428478092827	-7.6616952556172	1.83494634736064e-14	4.22237110582879e-12
Ptchd4	9.01138219011255	-1.64866851466028	0.219221255744368	-7.52056870152584	5.45384855004123e-14	1.2282763170678e-11
Nrcam	10.3281953241881	-1.77718518734224	0.236900884472536	-7.50180900041458	6.2943044337336e-14	1.38802525898063e-11
Kcnd3	7.38443829321883	-1.01146085554947	0.135480994191508	-7.46570293187936	8.28560873274959e-14	1.78986058032968e-11
Etl4	17.4456083561507	2.60331001869481	0.353226520839984	7.37008651701479	1.70517339190817e-13	3.60985207066959e-11
Kcnd2	53.2929852773302	-2.58266457582784	0.356993562689559	-7.23448500407196	4.67298970112598e-13	9.69874431106245e-11
Cdh7	2.22282335231605	-1.2816836383743	0.178158382544907	-7.19406867117936	6.28885399459697e-13	1.28014460640017e-10
Ptprd	22.2293015543277	-2.39875984387599	0.333559011276161	-7.1914107033073	6.4125268182672e-13	1.2806904975728e-10
A930011G23Rik	3.78168920364682	-1.48002954963695	0.210065852196986	-7.04555040316155	1.84729825603829e-12	3.62104667410469e-10
Khdrbs3	2.46166513177022	-3.42190585981115	0.486244642616507	-7.03741606570244	1.95837428625518e-12	3.76898033091111e-10
Pla2g3	2.73934984981393	-2.09489293059149	0.298030086239688	-7.02913238399257	2.07821730297668e-12	3.92820181285861e-10
Spock1	8.40210892674759	1.6618596185504	0.237818445484428	6.98793407368067	2.78963408409352e-12	5.18039943511051e-10
Zmat4	1.911402582797	-5.90317541871655	0.84519050689891	-6.98443175891303	2.86011221338638e-12	5.21970478943014e-10
Dgkz	7.28598940651587	1.67912254772726	0.242308847291906	6.92967907071278	4.2179640030153e-12	7.56731338507066e-10
Plch1	0.904535139109721	2.0875179707066	0.30243910551051	6.90227530987738	5.11761295753756e-12	9.02832219258918e-10
Adarb2	21.3967958250277	2.70473074437547	0.394217433290633	6.86101251737751	6.83741712761823e-12	1.18646000484982e-09
Galnt13	13.2940508440461	1.26259126396437	0.184749620477252	6.83406688848829	8.25405081077328e-12	1.40917948116186e-09
Mtcl1	6.41866959672705	-1.44695609477134	0.212681227694672	-6.80340296346516	1.02176322471302e-11	1.71672440215672e-09
Gabrd	1.06181474599588	-3.5411393932695	0.521301664728614	-6.79287950310497	1.09917185414172e-11	1.81792719938908e-09
Shisa8	0.410379193432324	-5.28329229609188	0.78082462853416	-6.76629822244489	1.3211907836026e-11	2.1515083760667e-09
Megf10	3.11242647981716	2.53777015675858	0.375251528670966	6.76285094892654	1.35302417568768e-11	2.16996377267486e-09
March11	4.22905309356377	1.47569995191321	0.218726766759983	6.74677349175351	1.51168985039235e-11	2.38824433826911e-09
Iqsec1	5.17994426253648	1.4774423103354	0.219767282539272	6.72275824346777	1.78316311538206e-11	2.73612510010218e-09
Shank2	9.34838141245191	1.24708923230172	0.185503568903354	6.72272366334603	1.78358650833302e-11	2.73612510010218e-09
Pcdh15	13.7260857421824	-2.62959013978912	0.391821100551696	-6.71120094371278	1.93029068237929e-11	2.91887526756926e-09
Snrpn	0.994542614454368	-2.09388139329549	0.312856571843753	-6.69278379212447	2.18964542535107e-11	3.2644220883579e-09
Baiap2	3.07380506579264	1.92657243010346	0.287960503720331	6.69040512574794	2.22553607385113e-11	3.27184713079364e-09
Erbb4	19.0055855727389	-2.12098299278521	0.31742332236184	-6.68187509664914	2.35904056859598e-11	3.42060882446417e-09
Gnal	2.71054299218259	1.62348960462942	0.244535891223803	6.63906470540789	3.15679805949488e-11	4.51550100807478e-09
Cttnbp2	11.0460627181191	1.51047892936375	0.228199665135927	6.61911106865138	3.61365271504931e-11	5.10006853183959e-09
Plxna4	7.47898125285728	1.20124484846616	0.181673124599324	6.61212191465016	3.78849781689296e-11	5.27648018313315e-09
Chst9	1.6328627659775	5.63499526336089	0.85678318109435	6.57692096168768	4.80289909631371e-11	6.60242687460787e-09
Grik2	18.1804515773898	-2.74283339729865	0.417566380997888	-6.56861644547126	5.07849101276298e-11	6.89177273975591e-09
Magi3	3.30129529164553	-1.57334446323114	0.241517548169898	-6.51441054761102	7.29756539526289e-11	9.77781388719717e-09
Mb21d2	1.86911794528188	1.75699771619315	0.271611510040328	6.46878961768693	9.8791024424413e-11	1.30712874191551e-08
X4930578G10Rik	6.25270958642542	-1.7542883727122	0.272878858697356	-6.42881746532753	1.28600440159456e-10	1.66004348669249e-08
Clmp	4.24811683452445	2.34476855010732	0.36469331718464	6.42942560123797	1.28087031746599e-10	1.66004348669249e-08
Acvr1c	0.800631072173272	-4.20041726637602	0.656099490314159	-6.40210414485269	1.53250069372928e-10	1.95439998109932e-08
Sdk2	1.05909918725358	2.68272667665788	0.420630637648393	6.37786798331219	1.7957019775902e-10	2.2627982658086e-08
Chrm2	1.0175193529064	-5.95790661645724	0.935611877701546	-6.36792537424132	1.91602093182165e-10	2.35962240042252e-08
Zfpm2	14.9325773571869	-1.16353022961454	0.182719848104525	-6.36783711066211	1.91712353742406e-10	2.35962240042252e-08
Ephb2	2.54428458610027	2.15275500975807	0.33885815175867	6.3529680445499	2.11199603496907e-10	2.56959517587904e-08
Gprin3	0.979786984217676	-4.56686919771387	0.719257093542124	-6.34942531497801	2.16120756823868e-10	2.59958887611437e-08
Shisa6	10.2730476032711	1.01482300635632	0.160045641355732	6.34083501281164	2.28523165602212e-10	2.71788506505552e-08
Prkg1	44.6802390750106	-2.23030862184729	0.352394072443139	-6.32901855126171	2.46725449442826e-10	2.90176542483591e-08
Opcml	21.469149403151	-2.10112831967111	0.333581352467653	-6.2986983658652	3.00155430759126e-10	3.45341873324494e-08
Bcl6	3.71376381619129	-2.0243675422719	0.321375649060794	-6.29906947893539	2.99437759103818e-10	3.45341873324494e-08
Nrp1	2.74843991471378	-5.29060280368469	0.84035953463838	-6.29564202655393	3.061301146163e-10	3.4842873797995e-08
Lrp1b	61.7209539235773	1.4378668158232	0.231077364683886	6.22244769750688	4.89457974338394e-10	5.51160921103393e-08
Kcnip4	74.1064324758145	3.11298841376068	0.502307868242538	6.19737139426529	5.74139161397092e-10	6.3971189719876e-08
Tmod1	2.54136432481445	-2.54474608525254	0.415818703277126	-6.11984517578704	9.36663205491076e-10	1.03276875313782e-07
Gm2163	10.6794808959883	-1.27427594657711	0.208441971076327	-6.1133366758967	9.75692225554884e-10	1.06471156778335e-07
Megf11	10.7548508556718	3.50116894289122	0.577085266472404	6.06698723100851	1.30331914602107e-09	1.40771766945235e-07
Robo2	4.31411952936938	-2.90817313878064	0.480004524210003	-6.05863693382254	1.37279854735854e-09	1.46778511351416e-07
Galnt7	3.23128841555067	2.16832686117806	0.358479568825847	6.04867626983633	1.46040778539277e-09	1.54584164083825e-07
Plpp4	1.98032944294708	3.29344068233068	0.550783940322159	5.97955103847857	2.2375344922868e-09	2.34498045553027e-07
Ptpre	3.03819224896748	1.97501937436927	0.330998516112949	5.96685265409264	2.41873643119904e-09	2.51003187492567e-07
Airn	6.22785918019556	-1.75964585970535	0.295264503088288	-5.95955775686043	2.52921461237122e-09	2.59919773514072e-07
Rmst	4.63038148913218	-1.40378182450136	0.236790177168393	-5.92837862316839	3.05940426626449e-09	3.11382636138555e-07
Lrrtm3	11.6371413319502	-3.43075899612236	0.585477301443474	-5.85976431138139	4.63524569785404e-09	4.6666532167552e-07
Malt1	1.58377586327673	3.36890315530819	0.575054419302243	5.85840755627257	4.6732663294856e-09	4.6666532167552e-07
Robo1	4.36123074730142	-2.46038576234962	0.42809324770983	-5.74731270701404	9.06729471268239e-09	8.96984247978907e-07
Neo1	5.07750236023612	1.20204998754021	0.20944928067764	5.73909818955295	9.51820256949603e-09	9.32871983315884e-07
Hecw1	4.20452434587044	1.05177977076832	0.18355424878799	5.73007586429206	1.00385727975275e-08	9.70300235167635e-07
Arhgap26	19.0189781494476	-1.28819609103728	0.224842768014355	-5.72931965930537	1.00834223777458e-08	9.70300235167635e-07
Grik4	2.76905027002514	-4.44222714771712	0.775592831883153	-5.72752475926231	1.01906568305563e-08	9.71784707670613e-07
Cntnap2	28.8847877304037	-1.16587540610582	0.203996435076609	-5.71517539347188	1.09590929888401e-08	1.03573213648994e-06
Efna5	5.97321135606847	2.37695125276661	0.416103323071783	5.71240632066896	1.11389737425779e-08	1.04341625721404e-06
Phyhip	0.562116877479687	3.59492659492277	0.63006684970213	5.70562726260285	1.15915411770221e-08	1.07628476630508e-06
Ntn4	1.05788565927165	3.30455181420173	0.586763436506891	5.63182981181364	1.78307594212019e-08	1.64120511716019e-06
Sgsm1	0.734380655080087	-3.22711197134038	0.575112989502433	-5.61126601249671	2.00851734325396e-08	1.83277207571924e-06
Mast4	23.3832061860823	-1.89426001613949	0.337865642923097	-5.60654821174183	2.06401500519554e-08	1.8673161393158e-06
Ak5	3.22382503750616	-2.22076065117481	0.397932235687716	-5.58075082139763	2.39482527077217e-08	2.14823944840029e-06
Cotl1	2.54678649011517	1.69795403079884	0.305142967568413	5.56445407976888	2.62974364086662e-08	2.33914591920783e-06
Ephb1	4.47249724530025	-1.95892418420426	0.352514316013119	-5.55700604264639	2.74441263522839e-08	2.42080064532437e-06
Sorcs2	1.26217373910475	-4.10033560782316	0.743491416445725	-5.51497369993172	3.48832119826543e-08	3.02654753144587e-06
Plcxd3	5.54510640272984	-1.08522646899292	0.196740774977466	-5.51602213174782	3.46758610382625e-08	3.02654753144587e-06
Cit	3.76824695925842	-0.995965786735871	0.180845149962008	-5.50728502779921	3.64409989673503e-08	3.13599978918214e-06
Fam19a1	2.36702556786284	-4.12143249460029	0.750211547820694	-5.49369375421204	3.93612819802971e-08	3.35999330452778e-06
Sash1	5.24802847025158	-4.03242281423206	0.734494597258483	-5.4900646366674	4.01786679906871e-08	3.40232960545138e-06
Celf4	7.63578628142984	0.911713220693789	0.166309478597402	5.48202801417497	4.20477628321054e-08	3.53234579030028e-06
Tbc1d16	2.30343480518241	-1.79015608377018	0.32730209905568	-5.46943050146966	4.51483911835642e-08	3.76295843053564e-06
Slc22a4	1.45785003823632	-4.28494512145563	0.785128782584147	-5.45763346918998	4.82522422321676e-08	3.9902342502148e-06
Osbpl3	1.03712524286416	-1.29539375236068	0.237952491538898	-5.44391758196373	5.21213430882312e-08	4.27677842316998e-06
Slc8a1	19.3653923988283	1.63942990224116	0.303323358589011	5.40489169666127	6.48475638903277e-08	5.2800881829163e-06
Homer3	2.43125745801571	2.02133697680106	0.374376436116508	5.3992099443246	6.69350077299657e-08	5.40845081543272e-06
Zmiz1	6.19278426209988	-1.31412744259845	0.243914454445776	-5.3876571012752	7.1382072977187e-08	5.72408517017821e-06
Siah3	0.443831660577859	-4.76952130703772	0.888846790190932	-5.36596560810349	8.05172841173307e-08	6.40808610813493e-06
Grm5	8.50597434755069	-3.13908173985522	0.58639467062948	-5.35318940822824	8.6417307332177e-08	6.82632237396339e-06
Grm3	11.1337145746226	1.71457778373012	0.322072973882016	5.32356926153705	1.01750684953829e-07	7.97800740915766e-06
D030068K23Rik	1.51365754632229	-2.17208181763527	0.408827548350825	-5.31295365588072	1.07862476773813e-07	8.39503174007948e-06
Polb	4.9552492040386	-0.680385660732166	0.12812219741199	-5.31044326803355	1.09358923334221e-07	8.44937374812211e-06
Sez6l	2.97742831979307	-3.24328330860639	0.611549164936147	-5.30338931775833	1.13672136040594e-07	8.71898231876583e-06
Rab3c	4.09449642818473	0.970763977406606	0.183768085736647	5.28254932577239	1.27398518841329e-07	9.63223801382477e-06
Tmem117	4.69942282271197	0.975043924099064	0.18455537122332	5.28320534718666	1.26942963755703e-07	9.63223801382477e-06
Gabbr2	8.16478475716118	-0.842982286448331	0.16083459828571	-5.24129941836791	1.59449739335661e-07	1.1970038942326e-05
Hunk	3.23887639228849	1.18014523112262	0.226527655989452	5.20971810690334	1.89127760428911e-07	1.40980094657748e-05
Tmem63c	1.56643149819378	-1.3032887714473	0.250727636037058	-5.1980260016278	2.01415960121569e-07	1.4909006558649e-05
Gabra2	3.81476994699595	3.94402478283524	0.764797383387192	5.15695381352855	2.50999683303558e-07	1.83229768811597e-05
A230006K03Rik	1.16171596490204	-3.49384897946248	0.677446277631003	-5.15738161803812	2.50427078195149e-07	1.83229768811597e-05
Lrrc16a	5.2486653324549	-1.29323730133615	0.252041795864964	-5.131043035533	2.8814101587024e-07	2.08902236505924e-05
Vcan	6.11339192447715	4.17411982166242	0.818958481578173	5.09686377949061	3.45326628467218e-07	2.48658664103776e-05
Sncaip	3.10271856759527	-4.04669957689664	0.800514347161501	-5.05512436003877	4.30110409031333e-07	3.07616126999774e-05
Gm20642	3.25815285779201	-1.4766529478997	0.292464787936131	-5.04899396033335	4.44142777294439e-07	3.15520221319573e-05
Slc35f1	8.5062053874844	-2.12676846733376	0.421418469798991	-5.04669021352623	4.49529335319621e-07	3.17217867623879e-05
Serinc2	1.53180344698029	-3.48433677757011	0.692045983648598	-5.03483418717354	4.7826263373444e-07	3.34912761684145e-05
Cdh12	9.02983473596592	1.35702668910341	0.269584695592981	5.03376753683469	4.80932827359377e-07	3.34912761684145e-05
Lrrn2	2.36195922892877	1.15420196242847	0.230436723100766	5.00875879025478	5.47821781534575e-07	3.7899957892441e-05
Sla	0.88767812918173	2.19485328017411	0.439620244143968	4.99261194044406	5.9568167681022e-07	4.09434451236116e-05
Lima1	3.89362530850184	2.32194240301534	0.465571315072402	4.98729695718958	6.12299145895919e-07	4.18141061890858e-05
Map3k5	3.50722291116756	-1.44502487854411	0.293035568872852	-4.9312268954323	8.17147525012173e-07	5.54455548221401e-05
Hs3st4	2.96037771720026	-3.7688467360751	0.764813520133709	-4.927798263054	8.31614159696332e-07	5.60677444610552e-05
Lhfpl3	24.0060247413153	1.43207333912964	0.290691267436805	4.92644086544831	8.37409398783778e-07	5.61011296590271e-05
Plekhg1	5.06820933589747	-3.75357211322367	0.762562320502077	-4.92231521582693	8.55263078646889e-07	5.69368533803605e-05
Tmeff2	20.7259747339174	1.52162539271087	0.31156693847773	4.88378324139687	1.04069476401172e-06	6.84741499815615e-05
Elavl4	2.36328974487348	0.991897422766641	0.20310659866045	4.88362972600845	1.04150572952588e-06	6.84741499815615e-05
Pde10a	17.1648432768454	-1.02905733722116	0.210906298314324	-4.87921577234033	1.0650849189785e-06	6.95921226381942e-05
Lhfp	8.52214629199576	-0.970790987018874	0.199203227313696	-4.87336977472818	1.09710596236744e-06	7.12445804396281e-05
Cdh4	4.35190030672562	1.79289196042174	0.368157631533138	4.86990301669289	1.11653035982018e-06	7.20638649920522e-05
Syt14	2.9105274292454	-0.945453606386098	0.195691201874006	-4.83135469214819	1.35607171546285e-06	8.6096603504693e-05
Kank2	2.27862502622422	-2.54015940228258	0.525752022592668	-4.83147813632017	1.3552310313834e-06	8.6096603504693e-05
Rps6ka5	4.00250948294628	1.65223594018413	0.342005570628152	4.831020550775	1.35834981438675e-06	8.6096603504693e-05
Slc25a13	1.44913979679965	-3.51591937835644	0.728374077968589	-4.82707922303087	1.38550016347625e-06	8.72947573237861e-05
Cnpy1	2.56722460298507	0.766368152906278	0.159577844317805	4.80247214882805	1.56718622950673e-06	9.81577883983949e-05
Nrg3os	2.97916484547307	-1.45255997931221	0.302775259760666	-4.7974857009797	1.60669675092672e-06	0.000100040500638584
March1	5.80831867222924	-2.43039132411493	0.508715282282551	-4.77750798680555	1.77481003108883e-06	0.000108591700457082
Synpr	2.53663642026526	-1.93388549954994	0.40469551540785	-4.77861855622733	1.7650367827647e-06	0.000108591700457082
Rbfox3	5.86373482291828	-1.51927873289078	0.317897150048265	-4.77915178748887	1.76036263121868e-06	0.000108591700457082
Nkain1	2.27181821315856	-1.19902719773913	0.251956990299888	-4.75885664577911	1.94692642862203e-06	0.00011843802440784
Kcnb2	2.30843838495381	-2.16887645304468	0.456927591366044	-4.74665241063807	2.06810901795567e-06	0.000124685114086492
Clstn2	3.92274464854274	-2.32480889720751	0.489829739827926	-4.74615709945298	2.07317714494308e-06	0.000124685114086492
Galnt9	1.20496403786824	-1.35362599081327	0.28557574135357	-4.73998941365736	2.13729385473029e-06	0.000127815002555481
Medag	0.938353065703003	-3.91885646486437	0.828270177153993	-4.7313745839913	2.23004578965664e-06	0.000132612554401773
Gm16054	0.396952110434863	4.30807289666489	0.911316555123842	4.7273067436808	2.27517431791045e-06	0.000134540336061911
Kcnh7	2.65356920410172	-3.26231643379859	0.690718337622379	-4.72307778164436	2.32301951410194e-06	0.000136606453093161
Gm44071	1.89307979842522	2.09850249310364	0.447437718099154	4.69004379429319	2.73146580609213e-06	0.000159737931256824
Pld5	6.1332845279935	-0.61004849850574	0.130150838776105	-4.68724215873237	2.76911241806631e-06	0.000161049752446329
Syt9	1.22515503958783	1.35678014831717	0.289930101046406	4.67968018298315	2.87322754888714e-06	0.000166191877622789
Sema5a	2.63368764436461	-4.43270816991414	0.949740460202773	-4.66728370082048	3.0520777614561e-06	0.000175577408179417
Ptms	2.99055947348794	1.3683268366303	0.293550729779069	4.6612959799491	3.14224455388715e-06	0.000179787343799435
Spon1	6.65901807139916	-1.37434050102551	0.295765153073483	-4.64672895621364	3.37239798119539e-06	0.000191918455005125
Sez6	0.746923717643316	1.84033100054434	0.397510441918635	4.62964190742198	3.66298627837092e-06	0.000207340693885327
Ano4	5.48008942655255	-1.63466330781094	0.353258447859897	-4.62738631648875	3.70309380791014e-06	0.000208495999769834
Nrp2	1.07306367777306	3.75875306618907	0.816050673492927	4.60602899829805	4.10431180090192e-06	0.000229863176785962
Apba2	6.81822541386433	0.793985016593631	0.172465396738564	4.60373519331077	4.14980059817762e-06	0.000231187575430053
Fgf1	2.07060363295739	-2.58020307913734	0.561227496132242	-4.59742813194128	4.27738098732646e-06	0.000237047527491364
Ahi1	5.31867699402516	-0.761286949080183	0.165643446228869	-4.59593763841592	4.30807542900419e-06	0.000237505095916715
Lsm11	0.420796482867238	2.12501096452364	0.462801358953227	4.59162645790417	4.39805024309295e-06	0.0002412091286173
Cdh10	6.94004110864712	1.99323368597825	0.434219827158748	4.59037925333967	4.42441350891294e-06	0.000241404211298162
Frmd3	3.23445174792289	1.16911951606541	0.255042536554009	4.58401775586886	4.56125479261046e-06	0.000247594266562983
Nptx1	0.710544163762922	3.26654617454953	0.721799811965811	4.52555697632164	6.02366495167887e-06	0.000325308640375106
Zfp521	8.82452182614698	-0.548879556286649	0.121484064645149	-4.51811978706764	6.23911860862884e-06	0.000335233860265666
Nwd2	4.51554105160018	1.37333994002979	0.304802762533134	4.5056676278664	6.61645832483172e-06	0.000353713188729009
March4	1.64002746305162	1.8306169521077	0.4072351093182	4.49523361375337	6.94936084185781e-06	0.000367794922555325
Tle2	0.596409238622172	-3.6525510890256	0.812466861739245	-4.49563085096984	6.93639858002813e-06	0.000367794922555325
Cxcl12	6.18901696184193	3.66637327419986	0.816938191506047	4.48794451320829	7.19136517987767e-06	0.000378709454870672
Pygb	1.70101468782995	-1.70906259683294	0.381552303532812	-4.47923543118111	7.49108750044328e-06	0.000392540401941545
Ptprn2	6.58993806745877	-0.591358339173048	0.132255846799437	-4.47132095467833	7.7737927874651e-06	0.000405347766774966
Mir124.2hg	1.46919466398444	-2.58158824175509	0.57821082644682	-4.46478710476468	8.01484073687383e-06	0.000415868084312792
Zic2	1.59839973846608	2.99686632307549	0.674597923962523	4.44244818524224	8.89410558146466e-06	0.000459239549169773
E130114P18Rik	1.90671442519894	2.05261631772418	0.462230910966368	4.44067298189309	8.96779847975568e-06	0.000460796829651523
Glce	1.73458593061056	1.12171795226199	0.253233955624443	4.42957165636015	9.44204373321047e-06	0.000482821415053299
Sfxn5	6.51468924973677	1.24164892280365	0.280483008884036	4.42682402668107	9.56306854761008e-06	0.000486365663545369
Gfra2	0.473039485909375	-2.84025299918882	0.641731795809687	-4.42591907980063	9.60325211912915e-06	0.000486365663545369
Itga8	0.566833077079139	-1.76672061443978	0.399679828887729	-4.4203396987944	9.85458651982911e-06	0.000494363973044508
Lsamp	181.884388639211	-0.81952848808671	0.185362230118478	-4.42122695417988	9.8142024746332e-06	0.000494363973044508
Fstl5	2.71849671926387	-2.60674758810284	0.591820726220952	-4.40462368519623	1.05967667438804e-05	0.00052908856596214
Cerk	5.05830083667514	-1.25341337655043	0.285182008851013	-4.39513481793743	1.10704025142405e-05	0.000550141833864955
D630045J12Rik	1.28939749526669	1.83912173923323	0.419022943374057	4.38907169240961	1.13835540302243e-05	0.00056306037107441
Sec24d	0.696958405841826	-2.06462290975932	0.471573283654341	-4.37815919884187	1.19685914036232e-05	0.000589244372127218
Hs6st3	4.41514571151466	1.56482984146665	0.357600948959086	4.375910763161	1.20926482798012e-05	0.000592595750193035
Adarb1	3.32622697341545	0.95562523114455	0.219896614431372	4.34579328843097	1.3877321102688e-05	0.000667688381236149
Chd9	20.7106489230073	-0.746265151256367	0.171639095082744	-4.34787395550301	1.37463561547076e-05	0.000667688381236149
Klhl1	0.596180288043535	-2.77227833094682	0.637891964054622	-4.34599977294812	1.3864271194968e-05	0.000667688381236149
Zbtb20	49.5162262569357	-0.7543193148974	0.173518643079315	-4.34719463863374	1.37889847264934e-05	0.000667688381236149
Cdyl	3.4909209711622	-1.22094966121707	0.282419741496044	-4.32317392102056	1.5380039201492e-05	0.000736641244107661
Gm12394	4.60515304022523	-1.56777002082611	0.363856228052647	-4.30876236258699	1.64170647024477e-05	0.000779258429934568
Lrrc49	2.11054939233549	1.59792273153599	0.370843823832525	4.30888322480899	1.64080969216837e-05	0.000779258429934568
Aff1	6.48868218133966	1.67624528466298	0.389453467636272	4.30409644273215	1.67668617135339e-05	0.0007923090680257
Shroom3	3.37399069479765	-1.19005749772155	0.276603562167213	-4.30239396917865	1.68962533691271e-05	0.000794874852943155
Vav3	4.81202955135109	0.677108586074749	0.157919345939901	4.28768610992371	1.80543973449141e-05	0.000845600866796087
Sipa1l1	3.90722511327521	-1.28628198836464	0.300490304435782	-4.28061061996605	1.86381214747953e-05	0.000869094783307083
Lrp8os2	1.2187035764615	-3.39228240973698	0.79636506686558	-4.259707703012	2.04694409688741e-05	0.000950302774804964
Adam23	4.29359695526071	-1.17471127930561	0.275893369320021	-4.25784527624153	2.06406719548914e-05	0.000954067740797055
Shank1	4.11674017874172	-0.758121976778865	0.178178200698376	-4.25485257908868	2.09186792999375e-05	0.000962714001694949
Syndig1	9.73771685209848	0.57946090177993	0.136283127390749	4.25189025871492	2.11973732181432e-05	0.000971316863697166
Ubl3	2.73941424254306	-1.05150074566651	0.247506068052102	-4.24838370203174	2.1531837577743e-05	0.000982390089484526
Psd2	2.01571461026751	1.8355872466525	0.432386199874178	4.24524937934339	2.18350440244324e-05	0.000991948244629256
Magi2	87.5405579927272	-0.684407830870464	0.161615804245202	-4.23478281760171	2.28772699532253e-05	0.00103485428399526
Ptk2	11.2580057220686	-0.758590445127476	0.179889061815705	-4.21699039102581	2.47584520910881e-05	0.00111518389525178
Pde5a	3.05398002882683	2.47185841146882	0.586473429562874	4.21478329088363	2.50018143676213e-05	0.00112137375034437
Ppp1cc	2.95299383768675	0.915086395240304	0.217613719243008	4.2050951494397	2.60972343285659e-05	0.00116556635176316
Foxo3	3.79273337828488	-1.01120014026454	0.240989741724679	-4.19602981034684	2.71634510373298e-05	0.00120808877827788
Ptpro	1.22230908193758	-4.14259423399979	0.988358536466113	-4.19138812602528	2.77252892561958e-05	0.00122687655916235
Mdga2	35.232059295585	-0.655312007720752	0.156375414468483	-4.19063322676487	2.78177018610264e-05	0.00122687655916235
Nav3	21.2232474121511	-1.92619834011394	0.460437579343856	-4.18340818935513	2.87171095002086e-05	0.00126128881352576
Atp1a1	3.22070963150737	1.40088096235364	0.335284398535761	4.17818714044405	2.93841839692139e-05	0.00128525449303359
Ppm1e	5.31505446940764	-1.06299686766419	0.255690630121386	-4.15735557912133	3.21952676342973e-05	0.00140241525888493
Il11ra1	0.881481471682203	-1.73448444387911	0.417557318830923	-4.15388346858659	3.26879689777996e-05	0.00141804160504102
Gabrg3	4.10725776816136	-2.70167417682761	0.65122259004236	-4.14861864151838	3.34487484976129e-05	0.00143993076132269
Sptb	1.65567324018328	-2.63295270154725	0.634674298307758	-4.14851004454968	3.34646166542638e-05	0.00143993076132269
Slc25a23	2.75087571453775	-0.943849299125432	0.227632087762655	-4.146380716367	3.37772018932917e-05	0.00144749668842305
Epha7	2.34152697332697	1.60070157227932	0.387897866668416	4.12660576359301	3.68156727202628e-05	0.00157134635380638
Dopey2	1.84582393355837	-1.18641162666638	0.287823597748219	-4.12200957790899	3.75581580972263e-05	0.00159659880907285
Arhgap44	3.04211795534035	-0.791673706654649	0.192207121015132	-4.11885731638591	3.80755807566485e-05	0.0016121200892365
Slc35f3	1.35777096931057	-0.882400995418586	0.214282769264163	-4.11792790642341	3.82294242157128e-05	0.0016121850809694
Asap1	9.99098463768944	1.01308186925207	0.246249362873919	4.11404869206006	3.88779371901762e-05	0.00163302763951593
Odf2	4.19676779148538	-0.743818159861557	0.181177336492724	-4.10547022194152	4.0349326173675e-05	0.00168813287568518
Dlgap4	5.87679797209888	-0.871725519817266	0.21318096117413	-4.08913401560858	4.32986650608196e-05	0.00180439515617628
Gmps	1.83756680892435	1.04090413976571	0.254638820088111	4.08776689825034	4.35545457466311e-05	0.00180794065383565
Pak1	5.59439315669327	0.934305693025974	0.229024058172961	4.07950894102303	4.51309341132164e-05	0.00186605834995467
Ctnna3	25.959305308363	-1.75760549670431	0.430965932933478	-4.07829334616016	4.53675022933708e-05	0.00186854090184953
Ica1	2.9293829679605	-0.956017403960457	0.235923489360386	-4.05223492816389	5.07306860175156e-05	0.00208133454067985
Abr	8.2578445614912	-1.90897781765312	0.472395930496888	-4.04105474754021	5.32113329941455e-05	0.00217467938124722
Slitrk2	0.704927910354902	-2.44419263634264	0.606883623183004	-4.02744866227113	5.63853737997674e-05	0.00229553531411745
Trim9	8.00198426461911	-0.498079871531956	0.123894242801775	-4.02020190985679	5.81482833995576e-05	0.00235823593787095
Tbc1d30	0.754642159603851	1.22285906277888	0.305017161659728	4.00914839061771	6.09381156411985e-05	0.00246194638954995
Ptprm	23.23589089512	2.63809011945043	0.659345828918787	4.00107197732098	6.30561720651381e-05	0.00253783110764063
Gria1	16.6629882449631	-2.77971163208602	0.695281610665936	-3.99796512584825	6.38893612587346e-05	0.00256162457925646
Dpp10	17.4146654269681	1.86607819650797	0.466862221290319	3.99706404032967	6.41329553258272e-05	0.00256168804575049
Ccdc85a	6.26667457289612	1.96391720885917	0.491973400594356	3.99191746238019	6.55411862724115e-05	0.00260809570185517
Nrg2	7.42092433336475	0.700529667001863	0.175928118799131	3.98190847366307	6.83641072457487e-05	0.00271023998200843
Ntrk3	9.38522909721876	-2.23250078541854	0.561525247518791	-3.97577988751757	7.01489863929273e-05	0.00276898361469016
Inpp5j	0.845089743622775	-1.55884149692052	0.392247572308031	-3.9741265643739	7.06379957408563e-05	0.00276898361469016
Slc16a11	2.97070895624397	-1.09493236498422	0.275574536528543	-3.97327118382292	7.08922588172919e-05	0.00276898361469016
Itga3	0.633190157124766	-2.77251359629002	0.697723678169968	-3.97365559323132	7.07778856477175e-05	0.00276898361469016
Pacsin2	2.23878848100636	-2.23963821074903	0.564590145392387	-3.96683900529736	7.28321539827969e-05	0.00283429540407318
Dlgap3	1.06828960208324	-0.90072630263828	0.227464964107828	-3.95984632697674	7.49980085333731e-05	0.00290034928244999
Nav2	18.0646941516506	-1.05636112068823	0.26678526351056	-3.95959322035948	7.50775345669625e-05	0.00290034928244999
Mctp1	6.38095359951555	-1.40497881759578	0.355119709196015	-3.95635269238261	7.61027796134874e-05	0.00292926517166823
Cacnb2	9.42101068914971	0.704278390739664	0.178217694852415	3.95178711812476	7.75697312498607e-05	0.00297491161333252
Camk1d	8.75253789008967	-1.16627318961526	0.295610930723983	-3.94529791831085	7.97008237218284e-05	0.00304560728915362
Hipk2	10.1245986080075	0.655091009661471	0.166305567645264	3.93908044653565	8.1794502980954e-05	0.00311436983472445
Olfm1	1.70684497740272	-1.91026509646435	0.487120449178594	-3.92154568687381	8.79827619381036e-05	0.00333798399682734
Plekho1	1.9348073756519	-0.993107687257929	0.254000175356209	-3.90987008518871	9.23457735187682e-05	0.00349100004534343
Sema3e	1.83160474152257	1.82681602857424	0.468189560785491	3.90187262080205	9.5451385974249e-05	0.0035768316886714
Sptbn4	2.84101638824162	-0.598699465917108	0.153456801265332	-3.90142021064245	9.56299827958437e-05	0.0035768316886714
Bmp6	4.64045488122276	-2.10354060919552	0.53916101946376	-3.90150721817327	9.5595610563146e-05	0.0035768316886714
Hip1	9.8825678422358	-2.03540779400297	0.522208295606944	-3.89769333640572	9.71132845370763e-05	0.00361952153811603
B3gat1	0.408828036373118	3.39106347758336	0.871419518668467	3.89142474426659	9.96573003308226e-05	0.00368836546853761
Gm20732	2.1845585734152	-1.14873179349987	0.29518695251353	-3.89153986556104	9.96100181746567e-05	0.00368836546853761
Cdh20	12.0853100469976	-1.32449907688847	0.342188715856203	-3.87066848062009	0.000108537313171711	0.00400302250844097
Tmem151b	0.941393203967367	1.01216017886028	0.26206176623893	3.86229625704902	0.000112326233943439	0.00412837911906703
Aff2	3.23491996867728	-0.678419502201231	0.176687683923331	-3.83965360310917	0.000123208025060385	0.00451265378984145
Plxnc1	1.62413865957809	1.38522646707416	0.361944730487439	3.82717677698649	0.000129621426386139	0.00473118206309409
Clip1	5.87549019018354	0.702788021000267	0.184144738204872	3.81649797790244	0.000135359184081651	0.00492363217699064
Epb41l1	1.65356353087511	-1.41962761905634	0.372368024057802	-3.81243159277279	0.000137606320927755	0.0049712044608201
Dpf3	5.874540956123	0.727941402581076	0.19092568533051	3.81269498297697	0.000137459710172389	0.0049712044608201
Ddah2	0.611135150473549	-2.4085229758932	0.632240085244794	-3.80950691375517	0.000139244213106986	0.00501326529162398
Adcy1	2.48247189221242	1.190214016047	0.312953481006994	3.8031659281029	0.000142858600110046	0.00512596027852487
Ppp1r14c	1.60682986640556	-2.20829688417278	0.582933081153418	-3.78825109702702	0.000151711479216171	0.00542522299832151
Cpd	2.34251252803786	-1.55098174020999	0.409688598971405	-3.78575763178179	0.000153240977499552	0.00546146716105305
Garnl3	9.67738371144374	-1.8148065070759	0.480550578667082	-3.77651508007686	0.000159037934875398	0.00564904879414794
Efhd1	0.496490738694389	-3.71855835773139	0.985097967900824	-3.77481070807139	0.000160129210274965	0.00564989230253501
Adam11	1.73980498282191	0.81388927994027	0.215569645999347	3.77552821115982	0.000159668951337682	0.00564989230253501
Dennd3	1.43605098369272	-2.20694391607076	0.587238697652133	-3.7581718045736	0.000171159348646258	0.00601900898810845
Ndst3	5.01827852669837	-1.05853703802305	0.281753900778204	-3.75695610637288	0.00017199264982506	0.00602828542515979
Antxr2	0.615421125942037	-1.74787774013874	0.465863563073003	-3.75190909675166	0.000175493100271732	0.00613067480652239
Gm15337	1.19198640835049	-3.14831364746799	0.840643728346921	-3.74512238812388	0.000180305856419972	0.0062780838493599
Stard5	2.00259109458114	-0.732971774460601	0.195977065346287	-3.7400895516292	0.000183954705041327	0.00638413296020473
P3h2	1.4886898554191	-3.25043872646192	0.869373233391294	-3.73883000030085	0.000184878690121468	0.00639523181351549
Plekhg5	0.811235592781493	-3.27452931547097	0.87601829282519	-3.7379691066844	0.000185512734947158	0.00639626156161455
Sigmar1	1.65518076522602	-0.926509599995449	0.247921611757156	-3.73710703729606	0.000186149693554273	0.0063973847606233
Gm15398	1.50649666545156	-4.19023738589724	1.122900869775	-3.73161825650456	0.00019025366085413	0.00651726537262448
Abcc4	2.01569732686635	-2.42306998196769	0.650386260885986	-3.72558605199758	0.000194861960781666	0.00665359308023852
Pgbd5	1.8701928066072	1.0748118871258	0.289834834817953	3.70835992782199	0.000208606001823513	0.00709998240933082
Fgfr2	25.757284685058	-0.689440266831542	0.18595633921753	-3.70753839171378	0.000209283696386693	0.00710021771234981
Kcnh1	2.10429728462522	-2.05014437712042	0.554665984953932	-3.6961782996134	0.000218869288504008	0.00737812553762714
Eps8	5.30429173686791	-1.47836677224784	0.399913373861876	-3.69671751152401	0.000218405137857275	0.00737812553762714
Mkx	1.18621560608746	1.39340243681866	0.377206274154824	3.69400652187122	0.000220748135933361	0.00741783815509406
Fig4	1.07712376493262	-1.30566690899296	0.353554065665016	-3.69297664994199	0.000221644381253572	0.00742438536572487
Cntfr	1.87467184335938	-1.50080275797481	0.406856197216159	-3.68877939734921	0.000225332487322097	0.00750423967798626
Cdk17	3.88986789849869	-0.839760206301556	0.227660520810217	-3.68865099365032	0.000225446218006578	0.00750423967798626
Tmem266	1.57533480661476	-1.34117838840147	0.363953117962856	-3.68503063226497	0.000228675135903233	0.00758785678224365
Samd5	0.5945926122951	-3.91404244598472	1.06617060313927	-3.6711220835203	0.00024148794942288	0.0079879685770037
Lrrc8d	3.13807092959385	1.03295146503447	0.281496422666126	3.66950121515263	0.00024302418274399	0.0080137413531001
Syt7	3.63860114126057	0.781845723635637	0.213256349129939	3.66622483609739	0.000246157520383833	0.00809185513435675
Cacng2	4.68986814941013	-0.553279199520686	0.150952545522698	-3.66525253088555	0.00024709464299392	0.00809751330059022
Litaf	2.68532657759908	-2.96866677780928	0.81096443832723	-3.66066209257304	0.000251564347084136	0.00821854510458513
Optn	1.2168019306537	-1.02945177986566	0.282010018289313	-3.65040854261268	0.000261823526290214	0.00852739084855974
Adam12	4.20820162048478	1.53660009941765	0.423005670592817	3.63257565144267	0.000280606270741631	0.00908800572721673
Zic5	0.808554537906339	2.88692292352115	0.794933711498863	3.6316524029127	0.000281612270054519	0.00908800572721673
Dcc	10.2620094807144	1.83145149068804	0.504278347941901	3.63182654611822	0.000281422260165674	0.00908800572721673
Sorbs2	7.15533230025457	0.726057018610916	0.200318030203408	3.62452155641536	0.000289496874712836	0.00931405598430204
Gm28539	1.49409789726742	-1.20991729349118	0.334141731737005	-3.6209703205928	0.0002935001862053	0.00941424082116091
Galntl6	1.59918045994204	-2.01873049990021	0.558180952274074	-3.61662376990066	0.000298470634353779	0.00954474823152493
Srrm4	4.41998141490965	0.667804430837594	0.184740829476793	3.61481775701068	0.000300558972991729	0.00958258050938992
Cyp7b1	3.8741351392167	-1.18288490110625	0.327382930270272	-3.61315386886458	0.000302495073126102	0.00961534639351289
Arl4a	2.20752575705074	1.45015553498984	0.401594442055507	3.61099503162298	0.000305024505985567	0.00966671974807552
Sh3gl2	8.19929061867572	0.692732107004468	0.192866065715688	3.59177807891645	0.000328429475740181	0.010377391046895
Pcsk6	3.52456362669916	1.94935325647049	0.543178321559313	3.58879060356173	0.000332215536837175	0.0104657781470878
Rbms1	10.0691439526698	0.843765699535352	0.23522913029682	3.58699493753457	0.000334510815490917	0.0105068159702414
Mkl2	3.16670526736961	-1.20206960731658	0.335332737883626	-3.58470698358638	0.000337456852566142	0.0105679904864279
Add3	4.9602040945339	-1.18513960281	0.33112869683719	-3.57909058964079	0.00034479194363565	0.0107658487415438
Flrt2	2.55582183425205	1.90148553020242	0.531398136248322	3.57826909899784	0.000345877241862293	0.0107679723679776
Frmd6	2.13006016647284	-1.09254029991009	0.305926639323771	-3.57124931102788	0.000355282504971938	0.0110283440326333
Cdc42se2	4.06218263891935	1.1826390479531	0.332020328310898	3.56194770955619	0.00036811371258446	0.0113932270400775
Zdhhc20	6.95950544231935	-0.882985620189603	0.249198357861887	-3.54330432899153	0.000395146421010416	0.0121942415929891
Grip1	8.16455490599274	-1.26721853311229	0.358034406811305	-3.53937640909508	0.00040107352387673	0.0123411722390558
Aff3	3.48218799159938	0.96092259906845	0.272055759272451	3.53207960617416	0.000412305216332246	0.0126500020721067
Grm7	22.9291322039422	1.49622939325405	0.423981594341321	3.52899610082964	0.000417139276599023	0.0127245511319904
Gabrb2	5.03205108767877	0.609149859818123	0.172581887313464	3.52962798878026	0.000416144364443622	0.0127245511319904
Vav2	0.440924820289359	2.24936381706807	0.637975370936477	3.52578472389343	0.00042223003633475	0.012772651871162
Epb41	7.85749256663849	-0.464056472595645	0.131620410437036	-3.52571816980952	0.000422336150676118	0.012772651871162
Gm14372	0.895312686269804	1.42550309505743	0.4042124831347	3.52661818853921	0.000420903260376121	0.012772651871162
Jun	1.73368279468626	-2.90853354951036	0.827329937745923	-3.51556666429202	0.000438816576466928	0.0132332577262177
X9530059O14Rik	7.47720770992396	-3.8945752232667	1.10853324539279	-3.51326876253199	0.000442629502644196	0.013310321833775
Tnr	21.749450590439	0.771037218292945	0.219792090255888	3.50802987220915	0.000451438355900809	0.0135367563660342
Tpmt	0.380649638023633	-3.34123567480801	0.953746837091646	-3.50327313797104	0.000459577944845866	0.0137418998480042
Cdkl3	1.51549875938084	-1.22259552491158	0.349492804004274	-3.49819942185885	0.000468410746549416	0.0139665570485227
Bcl2	2.84708033097796	-1.20465502880221	0.344491233625283	-3.49691054870951	0.000470679629402782	0.01399478617199
Hs3st5	1.93383273870245	-2.14272776739446	0.613247126771686	-3.49406898761093	0.000475718071490515	0.0141049741925129
St8sia4	1.29252348761327	-2.23849612475301	0.641350400349027	-3.49028569021678	0.000482504435293503	0.0142662275072115
Tmem150c	0.624609117316693	-1.82546635035924	0.524394381489298	-3.48109441061297	0.000499369440469379	0.0147237479870985
Arap2	4.75585784603509	2.75742311759609	0.792340263346976	3.48009970608875	0.000501227210567919	0.014737472288504
Agap1	10.1144511420346	-0.676614500995252	0.194587021884056	-3.47718205687125	0.000506713624829532	0.0148575172266499
Kcnc3	4.77752419263135	-0.760531579151933	0.218890571085744	-3.47448305050114	0.000511838699083045	0.0149293309657847
Abhd3	1.82891965604036	-1.29333123208069	0.372245164497903	-3.47440707208428	0.00051198366939819	0.0149293309657847
Cyfip2	3.09495853781181	0.820718215756648	0.236269002628543	3.47366013580276	0.000513410897319458	0.0149298196377101
Ubxn7	3.20066580177739	-0.945950889431084	0.272608999783185	-3.46999141695039	0.000520474996681127	0.0150937749037527
Antxr1	1.30917572780971	-3.19090402845003	0.919794383178392	-3.46914928684791	0.000522109247163133	0.0150997988557972
Myo1d	2.63093219032153	1.77795146389608	0.512777748774558	3.46729449190228	0.000525725571446915	0.0151629568767455
Apbb2	14.0611336271323	0.610174923810431	0.176116721472069	3.46460528398606	0.0005310102385442	0.0152737591711694
Cacna2d3	16.9836836544309	-0.878097382896467	0.253548990443135	-3.46322571177188	0.000533740460672899	0.0153106850304137
Fam184b	0.972760538336214	-1.79234200056023	0.518395029479322	-3.45748299778349	0.000545246646565179	0.01559847501052
Fmnl3	1.82104224292653	-2.58075562575837	0.747597120284322	-3.45206737122914	0.000556308804437743	0.0158720449999286
Idnk	0.476258362345687	-2.64229016599548	0.766082636914238	-3.44909287676662	0.000562473202210378	0.0160047818424647
Nol4l	2.35454726904444	-1.2080456296932	0.350333298329572	-3.44827521521161	0.000564178852825405	0.0160102765607424
Slc44a5	0.927771639063308	-1.62411119372532	0.472402532099287	-3.43798155887949	0.000586067609722648	0.0165869669757065
Itpkb	4.08799926258149	2.78225251175901	0.810235084354625	3.43388303652039	0.000595000880717635	0.0167568513847179
Npas3	26.7990934395447	0.639455786452323	0.186225258132581	3.43377580927861	0.000595236289150113	0.0167568513847179
Ampd3	1.4859164619674	-2.88768164255696	0.841968730333404	-3.42967801359261	0.000604297890561476	0.0169668253888414
Cpeb1	1.91677674767835	1.7151006181298	0.500209253877963	3.42876627098194	0.000606331443531139	0.0169788844703098
Shtn1	2.76094164922297	-0.742744467216096	0.217131896352162	-3.42070639871101	0.000624587213515759	0.0174439463194309
Cntnap5b	9.79079665592361	-1.42469890460959	0.416687270983819	-3.41910829492296	0.000628267165587316	0.0175005472308993
Lypd6	0.98214090157462	6.35925490980462	1.86419784875434	3.41125536329413	0.000646644990704561	0.017965189571149
Fbxw7	3.96269035110239	1.0983161342	0.322189862688292	3.40890965667216	0.000652230757331801	0.0180257508259977
Sorl1	4.73938524629794	0.797479900265203	0.233913235697698	3.40929788725526	0.000651303186482927	0.0180257508259977
Zic1	4.92176700574689	0.777840121632534	0.228957754988302	3.39730847584645	0.000680522061722995	0.0187586615191091
X9530026P05Rik	5.85596564996534	1.27521848423862	0.376232084217001	3.38944640219229	0.000700338982968882	0.0192547743759107
Syt2	2.25407027765943	0.728155598115009	0.214895472837006	3.38841758042665	0.000702971521491808	0.0192770817486808
Zfp260	1.8022440592001	-0.906908707069519	0.268262529787721	-3.38067604069478	0.000723077396821021	0.0196250621675654
Arhgap10	2.93567296238358	-0.572577469126833	0.169337826181018	-3.38127329280087	0.000721507431914936	0.0196250621675654
Rnf182	2.02227611433627	-2.08456459474824	0.616486235998533	-3.38136437283444	0.000721268293143947	0.0196250621675654
Hdac9	1.83823244643972	1.99636182722156	0.59032737138509	3.38178767238503	0.000720157848391727	0.0196250621675654
Mical3	7.17009506628524	-0.714315606851881	0.212097064606706	-3.36787125355292	0.000757509613285982	0.0205070057714376
Hdac1	1.14300627264074	-1.78112236559732	0.529099979305405	-3.36632476897003	0.000761769637276317	0.0205173832330021
Pde8b	7.23737249698628	-2.95329686775735	0.877181465008586	-3.36680263499234	0.000760450914636356	0.0205173832330021
Csmd1	25.6187644958451	0.666266394268418	0.19835835642275	3.35890257554082	0.000782526498521565	0.0210066679330071
Mapk14	4.41414258544947	-0.668474462936513	0.199044558278429	-3.35841616931538	0.000783904944122608	0.0210066679330071
Trio	8.53200700917562	-0.692601026370896	0.206340325900963	-3.3565955823067	0.000789084407590872	0.0210920668039126
Pdzd2	3.05236487376001	-1.23992540452345	0.369876266034625	-3.35227079535668	0.000801515785911791	0.02137038940523
Tmeff1	3.40252380702184	-1.75371043484275	0.523716259308484	-3.34858886596027	0.000812242278073437	0.0216019711392144
Crtc1	1.2740679595657	-1.21884621667539	0.364171336092461	-3.34690321801147	0.000817197358421621	0.0216792833054959
Gpd2	2.64390646952401	-1.28450061426428	0.384471484168405	-3.34095158459567	0.000834917809960927	0.022094012546091
Fbxo34	1.60383787847249	-0.917238865196281	0.274829406083807	-3.33748443540491	0.000845404567230379	0.0223157290377395
Peli2	2.82309437105478	-1.53546751927523	0.461142744179735	-3.32970113626414	0.000869392462132273	0.0228525767491136
Fam105a	3.12085147861866	-1.97643097692027	0.593614210767065	-3.32948730180556	0.000870060314585998	0.0228525767491136
Stmn4	1.85087610008633	-2.3829415254817	0.716064313305481	-3.3278317061796	0.000875247228349433	0.0229319106734623
Chn1	2.68685832049112	-1.53493795582846	0.461610331615754	-3.32518111207734	0.00088361115684387	0.0230370051605723
Abhd12	4.75509952121457	-0.677177205819	0.203626814256522	-3.32557972922915	0.000882348607860787	0.0230370051605723
Zhx3	5.80057460871436	-0.781580476164369	0.235660759400296	-3.31654908586953	0.000911365763201936	0.0237022275270086
X2210414B05Rik	0.758069819938346	2.34302138838643	0.707650333260337	3.31098747257207	0.000929673704444823	0.0241191082390893
Nfatc2	1.52841987642814	-2.93265022003322	0.886699980752014	-3.30737598251218	0.00094174400489681	0.0243177618518128
Lnx2	1.63435564595949	1.54372690976013	0.466760393807602	3.30732197984316	0.000941925588969602	0.0243177618518128
Sh3kbp1	3.34847515747633	-2.24506730133729	0.680227089684941	-3.30046735183265	0.000965239434277704	0.0248590253329185
Lpp	7.70999171926102	-0.911437238133386	0.276235738752393	-3.29949065334505	0.000968604529719063	0.0248851430754279
Sesn1	7.12833836874309	-0.688494577609454	0.208814700326167	-3.29715569130924	0.000976693439237367	0.0249717392616607
Spock3	7.59399751967389	-0.858546227843579	0.26038767363847	-3.2971846011252	0.000976592906880928	0.0249717392616607
Klf7	4.56267377806795	-1.3753824068483	0.417361186049538	-3.29542480906466	0.000982729983447773	0.0250655346380595
Gria3	14.749201599678	0.364930591328007	0.110862021186883	3.29175480855464	0.00099564375545833	0.0253338681527078
Esrrg	13.7790233054081	0.655241005520105	0.19929843034376	3.28773791338905	0.00100995812975017	0.0256364671544499
Map7	6.98496038880369	-0.82350454202482	0.2507253913217	-3.28448801169962	0.0010216784461883	0.0258101822264991
Meg3	91.9668248723595	-0.409548674311071	0.124676034065086	-3.28490296777702	0.00102017498611919	0.0258101822264991
Smad7	1.88636886440558	1.95449314068655	0.595887357937277	3.27997081101405	0.00103817827103859	0.0261645642831987
Wscd2	2.58854182152386	0.947475127769909	0.289201019114394	3.27618184289708	0.00105220789751766	0.0263979802634567
Sergef	1.71732679312086	-0.900840280991237	0.275164871350818	-3.27382007946328	0.00106104146628222	0.0263979802634567
Prkcd	2.01418544399367	0.862363451888564	0.263381249030789	3.27420215016049	0.00105960779285709	0.0263979802634567
Dpy19l1	1.29204221120647	-1.15497883023616	0.352831464057431	-3.27345757930523	0.00106240336251607	0.0263979802634567
Slc2a13	3.47724136713834	-0.679731402827977	0.207599588635126	-3.27424253244867	0.00105945636804159	0.0263979802634567
Pcp4	6.18050934357615	1.1991438426877	0.366288254771074	3.27377093605459	0.00106122600109735	0.0263979802634567
Zfp956	0.707200428349375	-1.35467363072157	0.414633779067486	-3.26715694454089	0.00108633438318566	0.026929389803326
Epha5	2.21450282105103	-2.04594423050628	0.626840715737619	-3.263898115008	0.00109890674968515	0.0271774017416292
Zdhhc14	9.03990444255558	1.26817147609338	0.388946090281908	3.26053277762532	0.00111203113386388	0.0274378777434712
Pde2a	1.37321762227712	-1.59993987010887	0.491226153822348	-3.25703315603079	0.00112583281587586	0.0277138147815023
Sphkap	7.88728216344322	0.759615917031623	0.233561753815045	3.25231295203047	0.0011446991016295	0.0281128538068405
Slc1a2	7.01769322522236	-1.56788429355992	0.482875411317189	-3.24697480305125	0.00116638715497154	0.0285212724721822
Nlgn1	54.9047312298885	0.657202833134288	0.202409693885065	3.24689406184008	0.00116671808979262	0.0285212724721822
Plxna4os3	0.439504872046039	1.94409031155526	0.600140544793256	3.23939171985953	0.00119784938464215	0.0292000485762601
Snca	1.73546685915008	-1.78977162071136	0.552589727779865	-3.23887964385822	0.00120000199628466	0.0292000485762601
Elavl2	4.96397722162543	-1.17314819261623	0.362379881180779	-3.23734360967733	0.00120648047225396	0.0292903573367159
Angpt1	2.66799195921225	-1.73637925672449	0.536834402872743	-3.2344783557698	0.00121865157107477	0.0295181393131041
Lrrc4c	44.8985804831827	-0.730288759413645	0.225865553019019	-3.2332896701258	0.00122373410415138	0.0295735741836583
Tenm2	15.3952399230016	1.12551588641619	0.348432965950428	3.23022215577708	0.00123694064286355	0.0298246394184754
Abi1	5.29138929797877	0.907500529906575	0.281354275393596	3.22547268434803	0.00125764836393488	0.0302550180278424
Dusp11	2.18581418567267	-0.969761773401425	0.301051617442193	-3.22124751111041	0.00127633868900653	0.0306350227281953
Cntn3	7.71155975968178	1.66375743722236	0.517568493870596	3.21456475215499	0.00130642445945664	0.0312155821746016
Alk	1.70438723216795	-2.3586153638357	0.733689025633403	-3.21473441939449	0.00130565258874659	0.0312155821746016
Fam120c	2.64923166739932	0.956141876110214	0.297728714159367	3.21145334876371	0.00132065411184274	0.0314137612895626
Fem1c	1.89043039751772	1.39528919678765	0.434444549180315	3.21166233854285	0.00131969385825944	0.0314137612895626
Gm3294	0.539881767345134	-1.77919791722938	0.554159794828956	-3.21062252049256	0.00132447793109187	0.031434078252483
B3galt2	2.02272261621864	0.907715524994596	0.282895205672423	3.20866351494723	0.0013335345714763	0.0315782179845115
Dgkg	6.6797015434532	-2.68286777413587	0.837577717671169	-3.20312696664784	0.00135944031973362	0.0321198120187061
Thrb	5.40265268588812	-0.683631134338258	0.213747748624636	-3.19830799967296	0.00138236550850517	0.0325887280791252
Klhl11	0.561264553017085	1.97779252173039	0.618710602637536	3.19663589616721	0.00139040313630689	0.0327053715506853
Gabrg2	3.08835507983783	-0.494731680614413	0.154950117683139	-3.19284482007366	0.00140878632097595	0.0329911575387841
Kdm6b	1.42944285121408	1.18651955188018	0.371583410552643	3.19314457584506	0.00140732466626304	0.0329911575387841
Arhgef10l	2.69657952357311	-1.3714407449031	0.429854374943838	-3.19047757762679	0.00142037862255067	0.0331246803890806
Klf12	6.19239699425854	-0.659432345596107	0.206728540492315	-3.18984666570808	0.00142348298350102	0.0331246803890806
Fat3	9.38426104228518	-0.738236728144891	0.231439087835123	-3.18976684124684	0.00142387620000299	0.0331246803890806
Necab1	0.637496730073846	-2.93633068166653	0.920813958473339	-3.18884249597477	0.00142843683793983	0.0331579033543708
Erc2	10.3615325606333	0.400777008200835	0.125710842247641	3.18808625441657	0.00143217807819846	0.0331720020956907
Noct	0.71310534494813	1.65545937602286	0.520982775024716	3.17757026793125	0.00148514696755639	0.0343237568811887
Mtr	0.921800932431242	2.45302873396989	0.772151557375169	3.17687468287786	0.00148871348921848	0.0343312250182519
Chac2	0.889642322681056	-1.20253543670806	0.379516969299397	-3.16859464526181	0.00153177866620878	0.0352475590909128
Shank3	3.09347340010575	0.586392203539954	0.185388990824077	3.16303681752281	0.00156132584460605	0.0358495315946964
Oprm1	1.37122297825698	2.07991551140688	0.657856685143057	3.16165444294995	0.00156875604200249	0.0359421703562691
Macrod1	2.58649183128214	-1.19786869299481	0.37901407705434	-3.16048602285309	0.00157506161863044	0.0360086981278686
Cacng3	1.43812282009181	-2.68029473675653	0.849531111923572	-3.15502834344419	0.00160482514002961	0.0366100735069255
Gtpbp2	1.80668358816213	-1.0226850337277	0.324668033841946	-3.14994063821374	0.0016330364010168	0.0371735275371244
Scn9a	2.2317376026231	-0.787083578445652	0.249977978799514	-3.14861165861696	0.0016404803827169	0.0372220722390915
Dus3l	0.506787671712296	2.48498664483271	0.78930934905788	3.1483050945726	0.00164220195896606	0.0372220722390915
Gm13889	0.722181918249368	-2.19446839601054	0.697387637327021	-3.14669816118565	0.0016512532668966	0.0373472560472234
Tesk2	2.28910077270416	2.58447312928589	0.821749322062152	3.14508702337623	0.00166037432147322	0.0374734801552111
Grik1	1.69994374134493	2.52236309190951	0.802667701397176	3.1424748840883	0.00167526084951269	0.0377290129618975
Cacna1d	16.6135857184525	0.453654375781429	0.144503310275437	3.13940473001429	0.00169291451997134	0.0380456479700564
Mthfd1l	1.44021927911425	-0.813938343784685	0.259443985358968	-3.13724113765257	0.00170545798988384	0.0382463407265265
Srebf2	2.44103850297452	-1.51409696143101	0.483012492474486	-3.13469524085029	0.0017203273248491	0.0384982341089381
Mtm1	2.1605059948299	0.931782827268568	0.297420145788649	3.13288403782407	0.0017309781531093	0.0386548602334641
Arl15	13.3419108215594	0.771914808624227	0.246649444308766	3.12960286931728	0.00175042771809909	0.0390068997812186
Nfib	13.6144139641616	-0.579808429633935	0.185552152851895	-3.12477338970424	0.00177942083289305	0.0395696838575061
X4930419G24Rik	3.43694730423942	-3.45395522518516	1.10868420258851	-3.11536433649997	0.00183717835674457	0.0407684128011348
Penk	0.738374488230801	4.68493779005988	1.5043567327866	3.114246566625	0.00184415308520128	0.0408025697544572
Dnah11	1.44552414511432	0.784964413175397	0.252085393158376	3.11388297172075	0.00184642710556306	0.0408025697544572
Arhgef25	0.616321923515141	1.69510918682604	0.544578261197496	3.11270079547169	0.00185383857167077	0.0408810026690315
Sertad2	2.45485855882088	-0.988630564198685	0.317702928596024	-3.11180815539721	0.0018594529362861	0.0409195620178553
Chic2	2.37321656189481	1.05851548658017	0.340280074776614	3.11071839065234	0.00186632831426895	0.0409856539554705
Efnb2	0.71169331364502	-1.8523233715564	0.596587717950217	-3.10486340201689	0.00190366917623178	0.0417191267710422
Clstn1	4.49525199689771	0.609463673711608	0.196445987944901	3.10244907563371	0.00191926565730256	0.0418874783145312
Ubr2	3.88988744006469	0.815910202589344	0.262941148997415	3.1030145175085	0.00191560243208516	0.0418874783145312
Kcnn3	1.23970238891367	-4.16157218768267	1.34242249565907	-3.10004652122544	0.00193490249550161	0.0421418578495567
Pnkd	3.22547688629828	-0.766318955968066	0.247580558973107	-3.09523073680154	0.00196659843682642	0.0427442391248618
Srrm3	4.83901440948163	-0.455176599857273	0.147581834306847	-3.08423189070063	0.00204078459436923	0.0441894742679608
Mfap3l	0.992422245735525	0.937075740533116	0.303897228591281	3.08352841806732	0.00204561571953715	0.0441894742679608
Adamts18	1.06919867839789	-0.815434904541631	0.26443911182802	-3.08363955280546	0.00204485180023709	0.0441894742679608
C530008M17Rik	2.30801890905017	1.11197149271768	0.360775593745958	3.08216939281287	0.00205497860587136	0.0443013208618092
Fgf13	7.71594590629259	0.747823239544596	0.243022586887444	3.07717586715901	0.00208971969779177	0.0449587052868412
Lamb1	0.642913619805957	1.1200495076745	0.364084033157209	3.0763488801248	0.00209552495866463	0.0449921535242699
Cnep1r1	1.27570158331131	-1.11602565183408	0.363893165710607	-3.0669046769667	0.002162878189378	0.04634426241815
Gad1	3.41680580022135	0.76615683544582	0.250302838205165	3.06091948832728	0.00220658420184511	0.047185239952587
Gm38399	2.38549123111952	-1.4512501131244	0.474635131367425	-3.05761208392508	0.00223108186850115	0.0476129064074287
Pms1	1.00333448895922	1.88522513480277	0.616998284118844	3.05547873199538	0.0022470153876303	0.0478564544830317
Inadl	5.15272738002022	0.913365087491377	0.299220363915077	3.0524830447389	0.00226956552324396	0.0481429881032812
Gramd1b	5.74435156612111	0.495361796244791	0.16227902326496	3.05253129011007	0.00226920071793456	0.0481429881032812
Cdh18	34.9715695834929	-0.892237315784204	0.292730557506104	-3.04798147274255	0.00230384131035651	0.0487723205402473
Agfg2	1.78550380994951	-1.21385363144876	0.399210950969133	-3.04063209814756	0.00236082105524746	0.0498788240914059
Sipa1l2	0.680310164455132	-2.75004993135701	0.904734003378565	-3.03962260850973	0.00236874763793598	0.0499466010907418
